Names,A1,A2,A3,Sample,Group
D_Pakistan_Karakoram_S19_10678.CanFam31.bam,0.628217438,1.00E-09,0.371782561,Karakoram_S19_10678.CanFam31.bam,Pakistan
D_Pakistan_Karakoram_S19_10679.CanFam31.bam,0.565975023,1.00E-09,0.434024976,Karakoram_S19_10679.CanFam31.bam,Pakistan
D_Pakistan_DGKhan_S19_10680.CanFam31.bam,0.203928595,1.00E-09,0.796071404,DGKhan_S19_10680.CanFam31.bam,Pakistan
D_Pakistan_S21_1037_Kolhu.CanFam31.bam,0.308580048,1.00E-09,0.691419951,S21_1037_Kolhu.CanFam31.bam,Pakistan
D_Pakistan_S21_1038_Chitral.CanFam31.bam,0.650315578,1.00E-09,0.349684421,S21_1038_Chitral.CanFam31.bam,Pakistan
D_Pakistan_S21_1039_Punjab.CanFam31.bam,0.495475695,1.00E-09,0.504524304,S21_1039_Punjab.CanFam31.bam,Pakistan
D_Pakistan_S21_1041_Waziristan.CanFam31.bam,0.512091512,1.00E-09,0.487908487,S21_1041_Waziristan.CanFam31.bam,Pakistan
D_Pakistan_S21_1042_Chitral.CanFam31.bam,0.549278205,1.00E-09,0.450721794,S21_1042_Chitral.CanFam31.bam,Pakistan
F_CentralAsia_Kyrgyz_WLF179.CanFam31.bam,0.879218836,0.002867333,0.117913831,Kyrgyz_WLF179.CanFam31.bam,CentralAsia
F_CentralAsia_Kyrgyz_WLF180.CanFam31.bam,0.890748071,0.006602661,0.102649268,Kyrgyz_WLF180.CanFam31.bam,CentralAsia
B_Indian_BH6_Indian_Wolf.CanFam31.realigned.bam,1.00E-09,1.00E-09,0.999999998,BH6_Indian_Wolf.CanFam31.realigned.bam,Indian
B_Indian_BH126_Indian_Wolf.CanFam31.realigned.bam,1.00E-09,1.00E-09,0.999999998,BH126_Indian_Wolf.CanFam31.realigned.bam,Indian
B_Indian_Indianwolf_SRR13985171.CanFam31.bam,1.00E-09,1.00E-09,0.999999998,Indianwolf_SRR13985171.CanFam31.bam,Indian
B_Indian_BH124_Indian_Wolf.CanFam31.realigned.bam,1.00E-09,1.00E-09,0.999999998,BH124_Indian_Wolf.CanFam31.realigned.bam,Indian
B_Indian_Indianwolf_BH123.merge.CanFam31.bam,1.00E-09,1.00E-09,0.999999998,Indianwolf_BH123.merge.CanFam31.bam,Indian
E_Tibetan_MYL_Tibetan_SAMN12565073.CanFam31.bam,0.91011593,0.084727407,0.005156663,MYL_Tibetan_SAMN12565073.CanFam31.bam,Tibetan
E_Tibetan_BH1_Tibetan_Wolf.CanFam31.realigned.bam,0.58215734,0.017871446,0.399971214,BH1_Tibetan_Wolf.CanFam31.realigned.bam,Tibetan
E_Tibetan_BH4_Tibetan_Wolf.CanFam31.realigned.bam,0.694094004,0.000000001,0.305905995,BH4_Tibetan_Wolf.CanFam31.realigned.bam,Tibetan
E_Tibetan_Chinese_CAN9A.CanFam31.realigned.bam,0.894999418,0.105000581,1.00E-09,Chinese_CAN9A.CanFam31.realigned.bam,Tibetan
E_Tibetan_Chinese_CAN11.CanFam31.realigned.bam,0.947111621,0.052888378,1.00E-09,Chinese_CAN11.CanFam31.realigned.bam,Tibetan
E_Tibetan_Chinese_CAN16.CanFam31.realigned.bam,0.917914235,0.082085764,1.00E-09,Chinese_CAN16.CanFam31.realigned.bam,Tibetan
E_Tibetan_Chinese_CAN32.CanFam31.realigned.bam,0.814450032,0.095738017,0.08981195,Chinese_CAN32.CanFam31.realigned.bam,Tibetan
C_WestAsia_Iranwolf_SRR12009566.CanFam31.bam,0.656208458,1.00E-09,0.343791541,Iranwolf_SRR12009566.CanFam31.bam,WestAsia
C_WestAsia_Iranwolf_SRR12009567.CanFam31.bam,0.781499255,0.014614993,0.203885752,Iranwolf_SRR12009567.CanFam31.bam,WestAsia
C_WestAsia_Iranwolf_SRR12009568.merge.CanFam31.bam,0.714748211,0.000000001,0.285251788,Iranwolf_SRR12009568.merge.CanFam31.bam,WestAsia
C_WestAsia_S21_2743_SaudiArabia.CanFam31.bam,0.73158523,0.013590149,0.254824621,S21_2743_SaudiArabia.CanFam31.bam,WestAsia
C_WestAsia_IranWolf.CanFam31.realigned.bam,0.74525123,0.019476174,0.235272595,IranWolf.CanFam31.realigned.bam,WestAsia
C_WestAsia_Saudi_wolf_B1.CanFam31.realigned.bam,0.641356123,0.084190717,0.274453161,Saudi_wolf_B1.CanFam31.realigned.bam,WestAsia
C_WestAsia_Syrian_wolf.CanFam31.realigned.bam,0.657501745,0.067810627,0.274687628,Syrian_wolf.CanFam31.realigned.bam,WestAsia
C_WestAsia_Lebanonwolf.CanFam31.bam,0.699285167,0.027945109,0.272769724,Lebanonwolf.CanFam31.bam,WestAsia
C_WestAsia_Iran_SAMC036723.CanFam31.bam,0.657213657,1.00E-09,0.342786342,Iran_SAMC036723.CanFam31.bam,WestAsia
C_WestAsia_Iran_SRR20326411.merge.CanFam31.bam,0.765733932,0.006263043,0.228003025,Iran_SRR20326411.merge.CanFam31.bam,WestAsia
C_WestAsia_Iran_SRR20326410.merge.CanFam31.bam,0.840651289,0.018959202,0.140389509,Iran_SRR20326410.merge.CanFam31.bam,WestAsia
C_WestAsia_Iran_SRR20326408.merge.CanFam31.bam,0.754374065,0.005709152,0.239916783,Iran_SRR20326408.merge.CanFam31.bam,WestAsia
C_WestAsia_MW387.CanFam31.realigned.bam,0.773443276,0.000000001,0.226556723,MW387.CanFam31.realigned.bam,WestAsia
H_Europe_PortugueseWolf.CanFam31.realigned.bam,0.995429249,1.00E-09,0.00457075,PortugueseWolf.CanFam31.realigned.bam,Europe
H_Europe_IberianWolf.CanFam31.realigned.bam,0.999999998,1.00E-09,1.00E-09,IberianWolf.CanFam31.realigned.bam,Europe
H_Europe_wSierraMorena.CanFam31.realigned.bam,0.992710967,0.007289032,0.000000001,wSierraMorena.CanFam31.realigned.bam,Europe
H_Europe_ItalianWolf_W050_SAMN02921313.CanFam31.realigned.bam,0.98169225,1.00E-09,0.018307749,ItalianWolf_W050_SAMN02921313.CanFam31.realigned.bam,Europe
H_Europe_MW005.CanFam31.realigned.bam,0.999999998,1.00E-09,1.05E-09,MW005.CanFam31.realigned.bam,Europe
H_Europe_MW347.CanFam31.realigned.bam,0.999999998,1.00E-09,1.00E-09,MW347.CanFam31.realigned.bam,Europe
H_Europe_MW020.CanFam31.realigned.bam,0.990449628,1.00E-09,0.009550371,MW020.CanFam31.realigned.bam,Europe
H_Europe_MW045.CanFam31.realigned.bam,0.994060801,1.00E-09,0.005939198,MW045.CanFam31.realigned.bam,Europe
H_Europe_MW062.CanFam31.realigned.bam,0.989195776,1.00E-09,0.010804223,MW062.CanFam31.realigned.bam,Europe
H_Europe_MW515.CanFam31.realigned.bam,0.999999998,1.00E-09,1.00E-09,MW515.CanFam31.realigned.bam,Europe
H_Europe_MW707A.CanFam31.realigned.bam,0.982660282,1.00E-09,0.017339717,MW707A.CanFam31.realigned.bam,Europe
H_Europe_MW703A.CanFam31.realigned.bam,0.988219858,0.000000001,0.011780141,MW703A.CanFam31.realigned.bam,Europe
H_Europe_MW706A.CanFam31.realigned.bam,0.980530443,1.00E-09,0.019469556,MW706A.CanFam31.realigned.bam,Europe
H_Europe_MW1126.CanFam31.realigned.bam,0.995907916,1.00E-09,0.004092083,MW1126.CanFam31.realigned.bam,Europe
H_Europe_MW1135.CanFam31.realigned.bam,0.990697546,0.000000001,0.009302453,MW1135.CanFam31.realigned.bam,Europe
G_Europe_MW336.CanFam31.realigned.bam,0.986694006,1.00E-09,0.013305993,MW339.CanFam31.realigned.bam,Europe
H_Europe_MW339.CanFam31.realigned.bam,0.987701927,1.00E-09,0.012298072,MW055.CanFam31.realigned.bam,Europe
H_Europe_MW055.CanFam31.realigned.bam,0.98001508,1.00E-09,0.019984919,Wang_GW3.CanFam31.realigned.bam,Europe
H_Europe_Wang_GW3.CanFam31.realigned.bam,0.930526211,0.00264256,0.066831229,Chinese_CAN24.CanFam31.realigned.bam,CentralAsia
F_CentralAsia_Chinese_CAN24.CanFam31.realigned.bam,0.93853492,0.000000001,0.061465079,Chinese_CAN30.CanFam31.realigned.bam,CentralAsia
F_CentralAsia_Chinese_CAN30.CanFam31.realigned.bam,0.96196842,1.00E-09,0.038031579,Wang_GW1.CanFam31.realigned.bam,CentralAsia
F_CentralAsia_Wang_GW1.CanFam31.realigned.bam,0.950923103,0.02170884,0.027368056,Kyrgyzstan_SRR20326406.merge.CanFam31.bam,CentralAsia
F_CentralAsia_Kyrgyzstan_SRR20326406.merge.CanFam31.bam,0.919450195,0.000000001,0.080549804,Kazakhstan_SRR20326405.CanFam31.bam,CentralAsia
F_CentralAsia_Kazakhstan_SRR20326405.CanFam31.bam,0.665604537,0.003469756,0.330925707,AW012.CanFam31.realigned.bam,CentralAsia
F_CentralAsia_AW012.CanFam31.realigned.bam,0.930125025,0.014760103,0.055114872,Russia_SRR20326404.merge.CanFam31.bam,CentralAsia
F_CentralAsia_Russia_SRR20326404.merge.CanFam31.bam,0.962361017,0.007724249,0.029914733,Russia_SRR20326403.merge.CanFam31.bam,CentralAsia
F_CentralAsia_Russia_SRR20326403.merge.CanFam31.bam,0.999999998,1.00E-09,1.00E-09,Russia_SRR20326401.CanFam31.bam,CentralAsia
F_CentralAsia_Russia_SRR20326401.CanFam31.bam,0.997824389,0.00217561,1.00E-09,Russia_SRR20326400.merge.CanFam31.bam,CentralAsia
F_CentralAsia_Russia_SRR20326400.merge.CanFam31.bam,0.88321358,0.015333471,0.101452949,Russia_SRR20326388.merge.CanFam31.bam,CentralAsia
F_CentralAsia_Russia_SRR20326388.merge.CanFam31.bam,0.789598771,1.00E-09,0.210401228,Tajikistan_SRR20326385.merge.CanFam31.bam,CentralAsia
F_CentralAsia_Tajikistan_SRR20326385.merge.CanFam31.bam,0.822440226,1.00E-09,0.177559773,Tajikistan_SRR20326384.CanFam31.bam,CentralAsia
F_CentralAsia_Tajikistan_SRR20326384.CanFam31.bam,0.869893285,1.00E-09,0.130106714,Tajikisan_SRR20326383.merge.CanFam31.bam,CentralAsia
F_CentralAsia_Tajikisan_SRR20326383.merge.CanFam31.bam,0.815135528,0.000000001,0.184864471,Tajikistan_SRR20326382.merge.CanFam31.bam,CentralAsia
F_CentralAsia_Tajikistan_SRR20326382.merge.CanFam31.bam,0.827153683,1.00E-09,0.172846316,Tajikistan_SRR20326381.CanFam31.bam,CentralAsia
F_CentralAsia_Tajikistan_SRR20326381.CanFam31.bam,0.82546618,1.00E-09,0.174533819,Tajikistan_SRR20326251.merge.CanFam31.bam,CentralAsia
F_CentralAsia_Tajikistan_SRR20326251.merge.CanFam31.bam,0.844342865,1.00E-09,0.155657134,Tajikistan_SRR20326250.merge.CanFam31.bam,CentralAsia
F_CentralAsia_Tajikistan_SRR20326250.merge.CanFam31.bam,0.918211007,1.00E-09,0.081788992,750114-25D.CanFam31.realigned.bam,CentralAsia
F_CentralAsia_750114-25D.CanFam31.realigned.bam,0.919583425,1.00E-09,0.080416574,750119-30D.CanFam31.realigned.bam,CentralAsia
F_CentralAsia_750119-30D.CanFam31.realigned.bam,0.940547905,1.00E-09,0.059452094,750125-33D.CanFam31.realigned.bam,CentralAsia
F_CentralAsia_750125-33D.CanFam31.realigned.bam,0.906526933,0.000635956,0.092837111,750117-28D.CanFam31.realigned.bam,CentralAsia
F_CentralAsia_750117-28D.CanFam31.realigned.bam,0.949597878,1.00E-09,0.050402121,750282-35D.CanFam31.realigned.bam,CentralAsia
F_CentralAsia_750282-35D.CanFam31.realigned.bam,0.971405606,1.00E-09,0.028594393,750016-17D.CanFam31.realigned.bam,CentralAsia
F_CentralAsia_750016-17D.CanFam31.realigned.bam,0.925260877,0.000000001,0.074739122,China_SRR20326486.merge.CanFam31.bam,CentralAsia
F_CentralAsia_China_SRR20326486.merge.CanFam31.bam,0.911810271,0.000000001,0.088189728,China_SRR20326485.merge.CanFam31.bam,CentralAsia
F_CentralAsia_China_SRR20326485.merge.CanFam31.bam,0.934573319,0.006804162,0.058622519,China_SRR20326484.merge.CanFam31.bam,CentralAsia
F_CentralAsia_China_SRR20326484.merge.CanFam31.bam,0.920521194,0.010258553,0.069220253,China_SRR20326483.merge.CanFam31.bam,CentralAsia
F_CentralAsia_China_SRR20326483.merge.CanFam31.bam,0.940883309,1.00E-09,0.05911669,MW486.CanFam31.realigned.bam,CentralAsia
F_CentralAsia_MW486.CanFam31.realigned.bam,0.995982694,0.004017305,1.00E-09,China_SRR20326491.merge.CanFam31.bam,EastAsia
G_EastAsia_China_SRR20326491.merge.CanFam31.bam,0.953379066,0.046620933,1.00E-09,China_SRR20326479.CanFam31.bam,EastAsia
G_EastAsia_China_SRR20326479.CanFam31.bam,0.999999998,1.00E-09,1.00E-09,MW574.CanFam31.realigned.bam,EastAsia
G_EastAsia_MW574.CanFam31.realigned.bam,0.999999998,1.00E-09,1.00E-09,Wang_GW4.CanFam31.realigned.bam,EastAsia
G_EastAsia_Wang_GW4.CanFam31.realigned.bam,0.999999998,1.00E-09,1.00E-09,InnerMongoliaWolf.CanFam31.realigned.bam,EastAsia
G_EastAsia_InnerMongoliaWolf.CanFam31.realigned.bam,0.999771993,0.000228006,0.000000001,MW588.CanFam31.realigned.bam,EastAsia
G_EastAsia_MW588.CanFam31.realigned.bam,0.946270323,0.002935593,0.050794084,MW561.CanFam31.realigned.bam,EastAsia
G_EastAsia_MW561.CanFam31.realigned.bam,0.997249639,0.00275036,0.000000001,MW524.CanFam31.realigned.bam,EastAsia
G_EastAsia_MW524.CanFam31.realigned.bam,0.998106555,0.001893444,0.000000001,MW538.CanFam31.realigned.bam,EastAsia
G_EastAsia_MW538.CanFam31.realigned.bam,0.981651205,1.00E-09,0.018348794,MW336.CanFam31.realigned.bam,EastAsia
G_EastAsia_Chinese_CAN7.CanFam31.realigned.bam,0.981737215,0.016832223,0.001430562,Chinese_CAN7.CanFam31.realigned.bam,EastAsia
G_EastAsia_Chinese_CAN6.CanFam31.realigned.bam,0.992431823,0.007568176,1.00E-09,Chinese_CAN6.CanFam31.realigned.bam,EastAsia
G_EastAsia_Wang_GW2.CanFam31.realigned.bam,0.999999998,1.00E-09,1.00E-09,Wang_GW2.CanFam31.realigned.bam,EastAsia
G_EastAsia_LiaoNingWolf.CanFam31.realigned.bam,0.987673443,0.012326556,1.00E-09,LiaoNingWolf.CanFam31.realigned.bam,EastAsia
G_EastAsia_Shanxi2Wolf.CanFam31.realigned.bam,0.999999998,1.00E-09,1.00E-09,Shanxi2Wolf.CanFam31.realigned.bam,EastAsia
G_EastAsia_Shanxi1Wolf.CanFam31.realigned.bam,0.99768252,0.002317479,1.00E-09,Shanxi1Wolf.CanFam31.realigned.bam,EastAsia
I_NorthAmerica_Ellesmere1.CanFam31.realigned.bam,0.925202225,0.074797774,1.00E-09,Ellesmere1.CanFam31.realigned.bam,NorthAmerica
I_NorthAmerica_AlaskanWolf.CanFam31.realigned.bam,0.93628352,0.063716479,1.00E-09,AlaskanWolf.CanFam31.realigned.bam,NorthAmerica
I_NorthAmerica_MexicanWolf.CanFam31.realigned.bam,0.870015493,0.129984506,1.00E-09,MexicanWolf.CanFam31.realigned.bam,NorthAmerica
A_A_Dhole_BerlinZoo.CanFam31.realigned.bam,1.00E-09,0.999999998,1.00E-09,BerlinZoo.CanFam31.realigned.bam,Dhole
A_B_Ethiopianwolf_Ethiopian_wolf_B3.CanFam31.realigned.bam,1.00E-09,0.999999998,1.00E-09,Ethiopian_wolf_B3.CanFam31.realigned.bam,Ethiopianwolf
A_C_GoldenJackal_Syrian_jackal.CanFam31.realigned.bam,1.00E-09,0.999999998,1.00E-09,Syrian_jackal.CanFam31.realigned.bam,GoldenJackal
A_D_Africanwolf_KenyaJackal.CanFam31.realigned.bam,1.00E-09,0.999999998,1.00E-09,KenyaJackal.CanFam31.realigned.bam,Africanwolf
A_D_Africanwolf_ERR4372262_Morocco_Africanwolf.CanFam31.bam,1.00E-09,0.999999998,1.00E-09,ERR4372262_Morocco_Africanwolf.CanFam31.bam,Africanwolf
A_D_Africanwolf_CRR010907_Algeria_Africanwolf.CanFam31.bam,1.00E-09,0.999999998,1.00E-09,CRR010907_Algeria_Africanwolf.CanFam31.bam,Africanwolf
A_D_Africanwolf_Africanwolf_SRR8049196.CanFam31.bam,1.00E-09,0.999999998,1.00E-09,Africanwolf_SRR8049196.CanFam31.bam,Africanwolf
A_E_Coyote_CaliforniaCoyote.CanFam31.realigned.bam,0.147835699,0.8521643,1.00E-09,CaliforniaCoyote.CanFam31.realigned.bam,Coyote
A_E_Coyote_SRR1518489_Coyote_Illinois.CanFam31.bam,0.264285725,0.735714274,1.00E-09,SRR1518489_Coyote_Illinois.CanFam31.bam,Coyote
Z_Dog_Beagle_SRR7107976.CanFam31.bam,0.966157393,0.033842606,1.00E-09,Beagle_SRR7107976.CanFam31.bam,Dog
Z_Dog_Dauchound_SRR7107971.CanFam31.bam,0.963595989,0.03640401,1.00E-09,Dauchound_SRR7107971.CanFam31.bam,Dog
Z_Dog_SRR7107875_Airdale.CanFam31.bam,0.980672486,0.019327513,1.00E-09,SRR7107875_Airdale.CanFam31.bam,Dog
Z_Dog_MW207.CanFam31.realigned.bam,0.983634641,0.016365358,1.00E-09,MW207.CanFam31.realigned.bam,Dog
Z_Dog_SharPei02.CanFam31.realigned.bam,0.961965276,0.038034723,1.00E-09,SharPei02.CanFam31.realigned.bam,Dog