Names,A1,A2,A3,A4,Sample,Group
D_Pakistan_Karakoram_S19_10678.CanFam31.bam,0.631090308,0.36890969,1.00E-09,1.00E-09,Karakoram_S19_10678.CanFam31.bam,Pakistan
D_Pakistan_Karakoram_S19_10679.CanFam31.bam,0.568554131,0.431445867,1.00E-09,1.00E-09,Karakoram_S19_10679.CanFam31.bam,Pakistan
D_Pakistan_DGKhan_S19_10680.CanFam31.bam,0.205722219,0.794277779,1.00E-09,1.00E-09,DGKhan_S19_10680.CanFam31.bam,Pakistan
D_Pakistan_S21_1037_Kolhu.CanFam31.bam,0.276421389,0.69015682,1.00E-09,0.03342179,S21_1037_Kolhu.CanFam31.bam,Pakistan
D_Pakistan_S21_1038_Chitral.CanFam31.bam,0.653954912,0.346045086,1.00E-09,1.00E-09,S21_1038_Chitral.CanFam31.bam,Pakistan
D_Pakistan_S21_1039_Punjab.CanFam31.bam,0.474412246,0.503936222,1.00E-09,0.02165153,S21_1039_Punjab.CanFam31.bam,Pakistan
D_Pakistan_S21_1041_Waziristan.CanFam31.bam,0.505734818,0.486297043,1.00E-09,0.007968137,S21_1041_Waziristan.CanFam31.bam,Pakistan
D_Pakistan_S21_1042_Chitral.CanFam31.bam,0.553907315,0.446092683,1.00E-09,1.00E-09,S21_1042_Chitral.CanFam31.bam,Pakistan
F_CentralAsia_Kyrgyz_WLF179.CanFam31.bam,0.883050583,0.113281097,0.003668319,0.000000001,Kyrgyz_WLF179.CanFam31.bam,CentralAsia
F_CentralAsia_Kyrgyz_WLF180.CanFam31.bam,0.893324526,0.098022831,0.008403117,0.000249526,Kyrgyz_WLF180.CanFam31.bam,CentralAsia
B_Indian_BH6_Indian_Wolf.CanFam31.realigned.bam,1.00E-09,0.999999997,1.00E-09,1.00E-09,BH6_Indian_Wolf.CanFam31.realigned.bam,Indian
B_Indian_BH126_Indian_Wolf.CanFam31.realigned.bam,1.00E-09,0.999999997,1.00E-09,1.00E-09,BH126_Indian_Wolf.CanFam31.realigned.bam,Indian
B_Indian_Indianwolf_SRR13985171.CanFam31.bam,1.00E-09,0.999999997,1.00E-09,1.00E-09,Indianwolf_SRR13985171.CanFam31.bam,Indian
B_Indian_BH124_Indian_Wolf.CanFam31.realigned.bam,1.00E-09,0.999999997,1.00E-09,1.00E-09,BH124_Indian_Wolf.CanFam31.realigned.bam,Indian
B_Indian_Indianwolf_BH123.merge.CanFam31.bam,1.00E-09,0.999999997,1.00E-09,1.00E-09,Indianwolf_BH123.merge.CanFam31.bam,Indian
E_Tibetan_MYL_Tibetan_SAMN12565073.CanFam31.bam,0.898298004,0.000482787,0.088902659,0.01231655,MYL_Tibetan_SAMN12565073.CanFam31.bam,Tibetan
E_Tibetan_BH1_Tibetan_Wolf.CanFam31.realigned.bam,0.49490587,0.400254204,0.016698367,0.088141559,BH1_Tibetan_Wolf.CanFam31.realigned.bam,Tibetan
E_Tibetan_BH4_Tibetan_Wolf.CanFam31.realigned.bam,0.589927265,0.305549603,0.000000001,0.104523131,BH4_Tibetan_Wolf.CanFam31.realigned.bam,Tibetan
E_Tibetan_Chinese_CAN9A.CanFam31.realigned.bam,0.895022578,1.00E-09,0.10497742,1.00E-09,Chinese_CAN9A.CanFam31.realigned.bam,Tibetan
E_Tibetan_Chinese_CAN11.CanFam31.realigned.bam,0.938618047,1.00E-09,0.054915701,0.006466251,Chinese_CAN11.CanFam31.realigned.bam,Tibetan
E_Tibetan_Chinese_CAN16.CanFam31.realigned.bam,0.914730932,1.00E-09,0.085269066,1.00E-09,Chinese_CAN16.CanFam31.realigned.bam,Tibetan
E_Tibetan_Chinese_CAN32.CanFam31.realigned.bam,0.817211322,0.085063528,0.097725149,1.00E-09,Chinese_CAN32.CanFam31.realigned.bam,Tibetan
C_WestAsia_Iranwolf_SRR12009566.CanFam31.bam,0.52718886,0.34764786,1.00E-09,0.125163279,Iranwolf_SRR12009566.CanFam31.bam,WestAsia
C_WestAsia_Iranwolf_SRR12009567.CanFam31.bam,0.67312399,0.205927019,0.010770103,0.110178889,Iranwolf_SRR12009567.CanFam31.bam,WestAsia
C_WestAsia_Iranwolf_SRR12009568.merge.CanFam31.bam,0.681518048,0.284061711,3.89E-08,0.034420202,Iranwolf_SRR12009568.merge.CanFam31.bam,WestAsia
C_WestAsia_S21_2743_SaudiArabia.CanFam31.bam,0.639013873,0.255437346,0.012389252,0.093159529,S21_2743_SaudiArabia.CanFam31.bam,WestAsia
C_WestAsia_IranWolf.CanFam31.realigned.bam,0.703449195,0.233388732,0.019580113,0.04358196,IranWolf.CanFam31.realigned.bam,WestAsia
C_WestAsia_Saudi_wolf_B1.CanFam31.realigned.bam,0.578191454,0.275670554,0.083954216,0.062183777,Saudi_wolf_B1.CanFam31.realigned.bam,WestAsia
C_WestAsia_Syrian_wolf.CanFam31.realigned.bam,0.549101103,0.276271475,0.065846426,0.108780997,Syrian_wolf.CanFam31.realigned.bam,WestAsia
C_WestAsia_Lebanonwolf.CanFam31.bam,0.634081224,0.272328467,0.027485236,0.066105073,Lebanonwolf.CanFam31.bam,WestAsia
C_WestAsia_Iran_SAMC036723.CanFam31.bam,0.522726678,0.346608245,1.00E-09,0.130665076,Iran_SAMC036723.CanFam31.bam,WestAsia
C_WestAsia_Iran_SRR20326411.merge.CanFam31.bam,0.750723488,0.226179837,0.00820263,0.014894046,Iran_SRR20326411.merge.CanFam31.bam,WestAsia
C_WestAsia_Iran_SRR20326410.merge.CanFam31.bam,0.543009633,0.144239041,0.00690604,0.305845285,Iran_SRR20326410.merge.CanFam31.bam,WestAsia
C_WestAsia_Iran_SRR20326408.merge.CanFam31.bam,0.735347829,0.238328288,0.006405798,0.019918084,Iran_SRR20326408.merge.CanFam31.bam,WestAsia
C_WestAsia_MW387.CanFam31.realigned.bam,0.70888779,0.225131992,0.000000001,0.065980217,MW387.CanFam31.realigned.bam,WestAsia
H_Europe_PortugueseWolf.CanFam31.realigned.bam,0.979248832,0.000621004,1.00E-09,0.020130163,PortugueseWolf.CanFam31.realigned.bam,Europe
H_Europe_IberianWolf.CanFam31.realigned.bam,0.731804014,1.00E-09,1.00E-09,0.268195984,IberianWolf.CanFam31.realigned.bam,Europe
H_Europe_wSierraMorena.CanFam31.realigned.bam,0.507711218,1.00E-09,1.00E-09,0.49228878,wSierraMorena.CanFam31.realigned.bam,Europe
H_Europe_ItalianWolf_W050_SAMN02921313.CanFam31.realigned.bam,0.941132357,0.015391535,1.00E-09,0.043476106,ItalianWolf_W050_SAMN02921313.CanFam31.realigned.bam,Europe
H_Europe_MW005.CanFam31.realigned.bam,0.988547518,1.00E-09,1.00E-09,0.01145248,MW005.CanFam31.realigned.bam,Europe
H_Europe_MW347.CanFam31.realigned.bam,0.999999997,1.00E-09,1.00E-09,1.00E-09,MW347.CanFam31.realigned.bam,Europe
H_Europe_MW020.CanFam31.realigned.bam,0.99334903,0.002272402,1.00E-09,0.004378567,MW020.CanFam31.realigned.bam,Europe
H_Europe_MW045.CanFam31.realigned.bam,0.999999997,1.00E-09,1.00E-09,1.00E-09,MW045.CanFam31.realigned.bam,Europe
H_Europe_MW062.CanFam31.realigned.bam,0.977049506,0.005819606,1.00E-09,0.017130887,MW062.CanFam31.realigned.bam,Europe
H_Europe_MW515.CanFam31.realigned.bam,0.999999991,1.00E-09,1.00E-09,6.67E-09,MW515.CanFam31.realigned.bam,Europe
H_Europe_MW707A.CanFam31.realigned.bam,0.919882216,0.014371291,1.00E-09,0.065746492,MW707A.CanFam31.realigned.bam,Europe
H_Europe_MW703A.CanFam31.realigned.bam,0.971956455,0.006358636,0.000000001,0.021684907,MW703A.CanFam31.realigned.bam,Europe
H_Europe_MW706A.CanFam31.realigned.bam,0.956217727,0.015379309,0.000000001,0.028402963,MW706A.CanFam31.realigned.bam,Europe
H_Europe_MW1126.CanFam31.realigned.bam,0.961074651,0.000212616,1.00E-09,0.038712732,MW1126.CanFam31.realigned.bam,Europe
H_Europe_MW1135.CanFam31.realigned.bam,0.956272919,0.007261353,0.000000001,0.036465727,MW1135.CanFam31.realigned.bam,Europe
H_Europe_MW336.CanFam31.realigned.bam,0.946783901,0.015325086,1.00E-09,0.037891012,MW336.CanFam31.realigned.bam,EastAsia
H_Europe_MW339.CanFam31.realigned.bam,0.917662101,0.009459789,1.00E-09,0.072878109,MW339.CanFam31.realigned.bam,Europe
H_Europe_MW055.CanFam31.realigned.bam,0.992770594,0.003806819,1.00E-09,0.003422586,MW055.CanFam31.realigned.bam,Europe
H_Europe_Wang_GW3.CanFam31.realigned.bam,0.947538517,0.016490235,1.00E-09,0.035971247,Wang_GW3.CanFam31.realigned.bam,Europe
F_CentralAsia_Chinese_CAN24.CanFam31.realigned.bam,0.932918809,0.063876225,0.002751373,0.000453592,Chinese_CAN24.CanFam31.realigned.bam,CentralAsia
F_CentralAsia_Chinese_CAN30.CanFam31.realigned.bam,0.930209489,0.056720586,0.000000001,0.013069924,Chinese_CAN30.CanFam31.realigned.bam,CentralAsia
F_CentralAsia_Wang_GW1.CanFam31.realigned.bam,0.914893405,0.035335882,1.00E-09,0.049770712,Wang_GW1.CanFam31.realigned.bam,CentralAsia
F_CentralAsia_Kyrgyzstan_SRR20326406.merge.CanFam31.bam,0.531404892,0.015951126,0.000000001,0.452643982,Kyrgyzstan_SRR20326406.merge.CanFam31.bam,CentralAsia
F_CentralAsia_Kazakhstan_SRR20326405.CanFam31.bam,0.888687374,0.079074591,0.000000001,0.032238034,Kazakhstan_SRR20326405.CanFam31.bam,CentralAsia
F_CentralAsia_AW012.CanFam31.realigned.bam,0.63089088,0.329262517,0.004920031,0.034926572,AW012.CanFam31.realigned.bam,CentralAsia
F_CentralAsia_Russia_SRR20326404.merge.CanFam31.bam,0.93142537,0.050967966,0.01471898,0.002887684,Russia_SRR20326404.merge.CanFam31.bam,CentralAsia
F_CentralAsia_Russia_SRR20326403.merge.CanFam31.bam,0.963279209,0.027669807,0.009033255,1.77E-05,Russia_SRR20326403.merge.CanFam31.bam,CentralAsia
F_CentralAsia_Russia_SRR20326401.CanFam31.bam,0.995081442,1.00E-09,7.32E-07,0.004917824,Russia_SRR20326401.CanFam31.bam,CentralAsia
F_CentralAsia_Russia_SRR20326400.merge.CanFam31.bam,0.972380908,1.00E-09,0.005454879,0.022164212,Russia_SRR20326400.merge.CanFam31.bam,CentralAsia
F_CentralAsia_Russia_SRR20326388.merge.CanFam31.bam,0.826029346,0.098741717,0.015139693,0.060089244,Russia_SRR20326388.merge.CanFam31.bam,CentralAsia
F_CentralAsia_Tajikistan_SRR20326385.merge.CanFam31.bam,0.798039124,0.201960874,1.00E-09,1.00E-09,Tajikistan_SRR20326385.merge.CanFam31.bam,CentralAsia
F_CentralAsia_Tajikistan_SRR20326384.CanFam31.bam,0.833674741,0.166325257,1.00E-09,1.00E-09,Tajikistan_SRR20326384.CanFam31.bam,CentralAsia
F_CentralAsia_Tajikisan_SRR20326383.merge.CanFam31.bam,0.875398984,0.124601014,1.00E-09,1.00E-09,Tajikisan_SRR20326383.merge.CanFam31.bam,CentralAsia
F_CentralAsia_Tajikistan_SRR20326382.merge.CanFam31.bam,0.823258251,0.176741747,1.00E-09,1.00E-09,Tajikistan_SRR20326382.merge.CanFam31.bam,CentralAsia
F_CentralAsia_Tajikistan_SRR20326381.CanFam31.bam,0.834993495,0.165006503,1.00E-09,1.00E-09,Tajikistan_SRR20326381.CanFam31.bam,CentralAsia
F_CentralAsia_Tajikistan_SRR20326251.merge.CanFam31.bam,0.836857442,0.163142556,1.00E-09,1.00E-09,Tajikistan_SRR20326251.merge.CanFam31.bam,CentralAsia
F_CentralAsia_Tajikistan_SRR20326250.merge.CanFam31.bam,0.84982974,0.150170258,1.00E-09,1.00E-09,Tajikistan_SRR20326250.merge.CanFam31.bam,CentralAsia
F_CentralAsia_750114-25D.CanFam31.realigned.bam,0.921991741,0.077740528,1.00E-09,0.00026773,750114-25D.CanFam31.realigned.bam,CentralAsia
F_CentralAsia_750119-30D.CanFam31.realigned.bam,0.923806265,0.075712824,1.00E-09,0.00048091,750119-30D.CanFam31.realigned.bam,CentralAsia
F_CentralAsia_750125-33D.CanFam31.realigned.bam,0.934064371,0.057874256,1.00E-09,0.008061371,750125-33D.CanFam31.realigned.bam,CentralAsia
F_CentralAsia_750117-28D.CanFam31.realigned.bam,0.906227045,0.090115341,0.000837928,0.002819686,750117-28D.CanFam31.realigned.bam,CentralAsia
F_CentralAsia_750282-35D.CanFam31.realigned.bam,0.952729043,0.04727095,1.00E-09,5.61E-09,750282-35D.CanFam31.realigned.bam,CentralAsia
F_CentralAsia_750016-17D.CanFam31.realigned.bam,0.969344231,0.024500128,1.00E-09,0.00615564,750016-17D.CanFam31.realigned.bam,CentralAsia
F_CentralAsia_China_SRR20326486.merge.CanFam31.bam,0.929861882,0.070039837,9.83E-05,2.88E-08,China_SRR20326486.merge.CanFam31.bam,CentralAsia
F_CentralAsia_China_SRR20326485.merge.CanFam31.bam,0.91611,0.083484873,1.06E-09,0.000405126,China_SRR20326485.merge.CanFam31.bam,CentralAsia
F_CentralAsia_China_SRR20326484.merge.CanFam31.bam,0.932792873,0.054533341,0.007169402,0.005504384,China_SRR20326484.merge.CanFam31.bam,CentralAsia
F_CentralAsia_China_SRR20326483.merge.CanFam31.bam,0.901628523,0.065955365,0.010326524,0.022089588,China_SRR20326483.merge.CanFam31.bam,CentralAsia
F_CentralAsia_MW486.CanFam31.realigned.bam,0.945825917,0.052900458,1.00E-09,0.001273623,MW486.CanFam31.realigned.bam,CentralAsia
G_EastAsia_China_SRR20326491.merge.CanFam31.bam,0.99706584,1.00E-09,0.002845428,8.87E-05,China_SRR20326491.merge.CanFam31.bam,EastAsia
G_EastAsia_China_SRR20326479.CanFam31.bam,0.899081201,1.00E-09,0.045102367,0.05581643,China_SRR20326479.CanFam31.bam,EastAsia
G_EastAsia_MW574.CanFam31.realigned.bam,0.958908795,1.00E-09,5.41E-09,0.041091198,MW574.CanFam31.realigned.bam,EastAsia
G_EastAsia_Wang_GW4.CanFam31.realigned.bam,0.99663164,1.00E-09,1.00E-09,0.003368358,Wang_GW4.CanFam31.realigned.bam,EastAsia
G_EastAsia_InnerMongoliaWolf.CanFam31.realigned.bam,0.964322271,1.00E-09,1.00E-09,0.035677727,InnerMongoliaWolf.CanFam31.realigned.bam,EastAsia
G_EastAsia_MW588.CanFam31.realigned.bam,0.966132094,1.00E-09,0.000437033,0.033430872,MW588.CanFam31.realigned.bam,EastAsia
G_EastAsia_MW561.CanFam31.realigned.bam,0.927080462,0.047610107,0.004617079,0.020692352,MW561.CanFam31.realigned.bam,EastAsia
G_EastAsia_MW524.CanFam31.realigned.bam,0.958827523,1.00E-09,0.002522982,0.038649494,MW524.CanFam31.realigned.bam,EastAsia
G_EastAsia_MW538.CanFam31.realigned.bam,0.967443638,0.000000001,0.001878005,0.030678356,MW538.CanFam31.realigned.bam,EastAsia
G_EastAsia_Chinese_CAN7.CanFam31.realigned.bam,0.959888491,0.000000001,0.016930903,0.023180605,Chinese_CAN7.CanFam31.realigned.bam,EastAsia
G_EastAsia_Chinese_CAN6.CanFam31.realigned.bam,0.982258178,1.00E-09,0.006377006,0.011364815,Chinese_CAN6.CanFam31.realigned.bam,EastAsia
G_EastAsia_Wang_GW2.CanFam31.realigned.bam,0.969926683,1.00E-09,1.00E-09,0.030073315,Wang_GW2.CanFam31.realigned.bam,EastAsia
G_EastAsia_LiaoNingWolf.CanFam31.realigned.bam,0.954384631,1.00E-09,0.012716485,0.032898883,LiaoNingWolf.CanFam31.realigned.bam,EastAsia
G_EastAsia_Shanxi2Wolf.CanFam31.realigned.bam,0.934978249,1.00E-09,1.00E-09,0.065021749,Shanxi2Wolf.CanFam31.realigned.bam,EastAsia
G_EastAsia_Shanxi1Wolf.CanFam31.realigned.bam,0.9611476,1.00E-09,0.002630557,0.036221842,Shanxi1Wolf.CanFam31.realigned.bam,EastAsia
I_NorthAmerica_Ellesmere1.CanFam31.realigned.bam,0.861362231,1.00E-09,0.07505195,0.063585817,Ellesmere1.CanFam31.realigned.bam,NorthAmerica
I_NorthAmerica_AlaskanWolf.CanFam31.realigned.bam,0.847260577,1.00E-09,0.063137572,0.089601851,AlaskanWolf.CanFam31.realigned.bam,NorthAmerica
I_NorthAmerica_MexicanWolf.CanFam31.realigned.bam,0.749680483,1.00E-09,0.12728126,0.123038256,MexicanWolf.CanFam31.realigned.bam,NorthAmerica
A_A_Dhole_BerlinZoo.CanFam31.realigned.bam,1.00E-09,1.00E-09,0.999999997,1.00E-09,BerlinZoo.CanFam31.realigned.bam,Dhole
A_B_Ethiopianwolf_Ethiopian_wolf_B3.CanFam31.realigned.bam,1.00E-09,1.00E-09,0.999999997,1.00E-09,Ethiopian_wolf_B3.CanFam31.realigned.bam,Ethiopianwolf
A_C_GoldenJackal_Syrian_jackal.CanFam31.realigned.bam,1.00E-09,1.00E-09,0.999999997,1.00E-09,Syrian_jackal.CanFam31.realigned.bam,GoldenJackal
A_D_Africanwolf_KenyaJackal.CanFam31.realigned.bam,1.00E-09,1.00E-09,0.999999997,1.00E-09,KenyaJackal.CanFam31.realigned.bam,Africanwolf
A_D_Africanwolf_ERR4372262_Morocco_Africanwolf.CanFam31.bam,1.00E-09,1.00E-09,0.999999997,1.00E-09,ERR4372262_Morocco_Africanwolf.CanFam31.bam,Africanwolf
A_D_Africanwolf_CRR010907_Algeria_Africanwolf.CanFam31.bam,1.00E-09,1.00E-09,0.999999994,3.82E-09,CRR010907_Algeria_Africanwolf.CanFam31.bam,Africanwolf
A_D_Africanwolf_Africanwolf_SRR8049196.CanFam31.bam,1.00E-09,1.00E-09,0.999999997,1.00E-09,Africanwolf_SRR8049196.CanFam31.bam,Africanwolf
A_E_Coyote_CaliforniaCoyote.CanFam31.realigned.bam,0.141435665,1.00E-09,0.858564333,1.00E-09,CaliforniaCoyote.CanFam31.realigned.bam,Coyote
A_E_Coyote_SRR1518489_Coyote_Illinois.CanFam31.bam,0.113499577,1.00E-09,0.740470744,0.146029677,SRR1518489_Coyote_Illinois.CanFam31.bam,Coyote
Z_Dog_Beagle_SRR7107976.CanFam31.bam,1.00E-09,1.00E-09,1.00E-09,0.999999997,Beagle_SRR7107976.CanFam31.bam,Dog
Z_Dog_Dauchound_SRR7107971.CanFam31.bam,1.00E-09,1.00E-09,1.00E-09,0.999999997,Dauchound_SRR7107971.CanFam31.bam,Dog
Z_Dog_SRR7107875_Airdale.CanFam31.bam,1.00E-09,1.00E-09,1.00E-09,0.999999997,SRR7107875_Airdale.CanFam31.bam,Dog
Z_Dog_MW207.CanFam31.realigned.bam,1.00E-09,1.00E-09,1.00E-09,0.999999997,MW207.CanFam31.realigned.bam,Dog
Z_Dog_SharPei02.CanFam31.realigned.bam,1.00E-09,1.00E-09,1.00E-09,0.999999997,SharPei02.CanFam31.realigned.bam,Dog