1.1250117 0.1341886 0.0778694 0.0670949 0.0674892 0.0704416 0.0594516 0.0892484 -0.0090364 -0.0071309 0.1035717 0.1027983 0.0962235 0.1048735 0.1142268 0.0087892 0.0725046 0.0921840 0.0341386 -0.0055106 0.0022272 0.0509446 -0.0056117 -0.0093690 0.0002163 0.0042161 -0.0058896 -0.0082133 -0.0067664 0.0063066 -0.0054279 -0.0009803 -0.0137698 -0.0271720 -0.0209120 -0.0097794 -0.0597718 -0.0525033 -0.0510260 -0.0571704 -0.0434484 -0.0430461 -0.0451744 -0.0561395 -0.0470689 -0.0547177 -0.0492635 -0.0451831 -0.0450253 -0.0447248 -0.0467524 -0.0446759 -0.0528717 -0.0511032 -0.0331801 -0.0277524 -0.0316006 -0.0322115 -0.0378474 0.0327113 -0.0399400 -0.0457147 -0.0582926 -0.0514030 -0.0324790 -0.0073052 -0.0014541 0.0070338 -0.0081967 0.0134132 -0.0000720 0.0129835 -0.0298226 -0.0279955 -0.0359795 -0.0222559 -0.0376054 -0.0387374 -0.0309338 -0.0292953 -0.0336095 -0.0379712 -0.0467809 -0.0518350 -0.0038811 -0.0344244 -0.0513447 -0.0422377 -0.0329242 -0.0294439 -0.0394927 -0.0420853 -0.0406880 -0.0468964 -0.0503121 -0.0448299 -0.0458730 -0.0372655 -0.0422679
0.1341886 1.0538201 0.1145869 0.1096762 0.1123843 0.0964319 0.1027513 0.1003964 -0.0013692 -0.0029880 0.1418351 0.1492456 0.1327154 0.1445417 0.1581297 -0.0523132 0.0387628 0.0135798 -0.0699534 -0.0629543 -0.0638179 -0.0518193 0.0128728 0.0054551 0.0218992 0.0171360 0.0142549 0.0090534 0.0119156 0.0195463 0.0128387 0.0164739 0.0011202 -0.0111981 0.0002036 0.0023508 -0.0505357 -0.0465061 -0.0511822 -0.0522914 -0.0364562 -0.0402774 -0.0424923 -0.0448190 -0.0418153 -0.0473008 -0.0405726 -0.0431445 -0.0441421 -0.0370898 -0.0396141 -0.0388657 -0.0420029 -0.0480782 -0.0307363 -0.0301290 -0.0331377 -0.0340314 -0.0390480 0.0519183 -0.0422818 -0.0453856 -0.0613862 -0.0611112 -0.0298970 -0.0059151 -0.0008022 0.0107159 -0.0022283 -0.0049854 -0.0000819 -0.0128836 -0.0255330 -0.0227701 -0.0281737 -0.0187563 -0.0351361 -0.0302672 -0.0315281 -0.0280443 -0.0317789 -0.0343530 -0.0384447 -0.0605042 -0.0633573 -0.0438411 -0.0630241 -0.0480448 -0.0390802 -0.0350040 -0.0475500 -0.0436085 -0.0424988 -0.0550283 -0.0542876 -0.0526914 -0.0557235 -0.0501109 -0.0535908
0.0778694 0.1145869 1.3082875 0.2448888 0.1356780 0.2276893 0.2104147 0.1300770 -0.0296683 -0.0302318 0.4248132 0.4454335 0.4252658 0.4502054 0.4777980 -0.1019147 0.0493350 0.0044108 -0.1218696 -0.1091670 -0.1164093 -0.1056955 0.0394860 0.0192960 0.0369439 0.0276782 0.0233760 0.0251198 0.0212459 0.0336382 0.0390824 0.0289457 0.0079401 0.0039386 0.0065183 0.0126924 -0.0837391 -0.0773634 -0.0722435 -0.0893483 -0.0679001 -0.0683245 -0.0719500 -0.0748801 -0.0671947 -0.0800420 -0.0682357 -0.0703851 -0.0637841 -0.0682340 -0.0675415 -0.0674677 -0.0733990 -0.0727711 -0.0583783 -0.0606725 -0.0575666 -0.0491247 -0.0613441 0.1147747 -0.0743087 -0.0796355 -0.1004036 -0.1000142 -0.0364651 -0.0291416 -0.0178553 -0.0066810 -0.0196492 -0.0345466 -0.0239933 -0.0409870 -0.0450522 -0.0452889 -0.0529239 -0.0410738 -0.0631286 -0.0611780 -0.0555689 -0.0593449 -0.0596764 -0.0660408 -0.0706900 -0.0955796 -0.1096324 -0.0820762 -0.1023140 -0.0867908 -0.0730895 -0.0647990 -0.0788840 -0.0815518 -0.0677800 -0.0898368 -0.0927932 -0.0872325 -0.0924253 -0.0900750 -0.0951591
0.0670949 0.1096762 0.2448888 1.1207203 0.1106093 0.2227479 0.1841434 0.1150042 -0.0188930 -0.0204949 0.3361894 0.3538452 0.3307772 0.3540802 0.3739312 -0.0936194 0.0391852 0.0066881 -0.1156308 -0.1022966 -0.1078340 -0.1043257 0.0380605 0.0253555 0.0374150 0.0294928 0.0365955 0.0300711 0.0289539 0.0380805 0.0380209 0.0331207 0.0164663 0.0075280 0.0128581 0.0145530 -0.0710145 -0.0654376 -0.0594698 -0.0722772 -0.0531772 -0.0527379 -0.0573110 -0.0621669 -0.0584556 -0.0642164 -0.0577951 -0.0567237 -0.0550743 -0.0528379 -0.0539830 -0.0562971 -0.0609472 -0.0573150 -0.0514391 -0.0492457 -0.0463363 -0.0426983 -0.0526998 0.0959949 -0.0648225 -0.0709838 -0.0910822 -0.0924463 -0.0258858 -0.0237913 -0.0145688 0.0016029 -0.0149875 -0.0294860 -0.0207223 -0.0385462 -0.0363363 -0.0336004 -0.0402680 -0.0306923 -0.0496283 -0.0453509 -0.0531357 -0.0474697 -0.0539058 -0.0523831 -0.0549005 -0.0917995 -0.0993228 -0.0695905 -0.0935556 -0.0766637 -0.0623103 -0.0534685 -0.0687844 -0.0700201 -0.0550885 -0.0798105 -0.0845064 -0.0748736 -0.0817233 -0.0789696 -0.0842404
0.0674892 0.1123843 0.1356780 0.1106093 1.0041647 0.1069817 0.1099360 0.1099640 -0.0043391 -0.0052722 0.1562822 0.1609439 0.1492012 0.1596255 0.1696735 -0.0592133 0.0258434 0.0079200 -0.0783533 -0.0660315 -0.0777062 -0.0724021 0.0180992 0.0104811 0.0177236 0.0177762 0.0140147 0.0158015 0.0169648 0.0222806 0.0183330 0.0217154 -0.0017218 -0.0044090 0.0013883 0.0112091 -0.0500591 -0.0441156 -0.0429179 -0.0472699 -0.0302190 -0.0368682 -0.0377687 -0.0390463 -0.0367224 -0.0419110 -0.0371413 -0.0366335 -0.0334334 -0.0324653 -0.0315440 -0.0343021 -0.0366289 -0.0405559 -0.0319596 -0.0299771 -0.0302592 -0.0322390 -0.0358222 0.0548578 -0.0432453 -0.0453152 -0.0623744 -0.0595866 -0.0237304 -0.0080905 -0.0001974 0.0090537 -0.0013456 -0.0088965 0.0087125 -0.0139642 -0.0210051 -0.0170397 -0.0262599 -0.0160798 -0.0327871 -0.0303628 -0.0319495 -0.0293836 -0.0315071 -0.0327273 -0.0347352 -0.0604414 -0.0675495 -0.0410332 -0.0611656 -0.0461229 -0.0372114 -0.0312365 -0.0412006 -0.0436630 -0.0342765 -0.0527336 -0.0517166 -0.0476060 -0.0534557 -0.0482669 -0.0577233
0.0704416 0.0964319 0.2276893 0.2227479 0.1069817 1.0596069 0.1826741 0.1179264 -0.0239206 -0.0195347 0.3075032 0.3125884 0.3035369 0.3216702 0.3338780 -0.0916125 0.0349894 -0.0021530 -0.1188168 -0.1037006 -0.1081870 -0.1076432 0.0315794 0.0280467 0.0369193 0.0334015 0.0390087 0.0300803 0.0278762 0.0389935 0.0314333 0.0420909 0.0181835 0.0129246 0.0223274 0.0179177 -0.0677458 -0.0592413 -0.0506007 -0.0675206 -0.0486737 -0.0468939 -0.0504235 -0.0595795 -0.0517057 -0.0606515 -0.0575044 -0.0479633 -0.0497069 -0.0499305 -0.0478374 -0.0546481 -0.0565596 -0.0562389 -0.0491394 -0.0472921 -0.0420646 -0.0418866 -0.0562645 0.0900431 -0.0612677 -0.0638557 -0.0810045 -0.0845982 -0.0274666 -0.0187723 -0.0166281 -0.0085179 -0.0174478 -0.0305251 -0.0191245 -0.0391844 -0.0351960 -0.0308802 -0.0371015 -0.0282290 -0.0472229 -0.0412061 -0.0445811 -0.0510979 -0.0514943 -0.0490202 -0.0496204 -0.0855971 -0.0984187 -0.0654337 -0.0857237 -0.0689505 -0.0616382 -0.0478205 -0.0625389 -0.0648382 -0.0492778 -0.0753498 -0.0778987 -0.0683707 -0.0780467 -0.0737362 -0.0798386
0.0594516 0.1027513 0.2104147 0.1841434 0.1099360 0.1826741 1.0498979 0.1174028 -0.0141355 -0.0133763 0.2605221 0.2708128 0.2567477 0.2736184 0.2892451 -0.0865927 0.0341403 -0.0027633 -0.1139089 -0.0941161 -0.1042847 -0.1024849 0.0345374 0.0275514 0.0358012 0.0346975 0.0261442 0.0282126 0.0248502 0.0404138 0.0344137 0.0357833 0.0132225 0.0092153 0.0153952 0.0205212 -0.0602625 -0.0536132 -0.0476002 -0.0597931 -0.0427099 -0.0454040 -0.0483459 -0.0495487 -0.0482624 -0.0544960 -0.0461000 -0.0446618 -0.0448534 -0.0404924 -0.0431550 -0.0454080 -0.0490058 -0.0483146 -0.0477422 -0.0439942 -0.0407931 -0.0416346 -0.0458716 0.0815275 -0.0557856 -0.0604387 -0.0782065 -0.0771357 -0.0253155 -0.0239873 -0.0138681 -0.0039827 -0.0194835 -0.0276885 -0.0178420 -0.0420491 -0.0312131 -0.0279078 -0.0314624 -0.0267395 -0.0413342 -0.0384113 -0.0440593 -0.0400953 -0.0514292 -0.0461117 -0.0470133 -0.0795607 -0.0932119 -0.0607473 -0.0793556 -0.0631417 -0.0539358 -0.0426424 -0.0590101 -0.0589089 -0.0458451 -0.0689483 -0.0723445 -0.0632107 -0.0733072 -0.0669903 -0.0742728
0.0892484 0.1003964 0.1300770 0.1150042 0.1099640 0.1179264 0.1174028 1.0622263 -0.0041727 -0.0058010 0.1743509 0.1721923 0.1665199 0.1769420 0.1848031 -0.0710600 0.0284921 -0.0008509 -0.0972643 -0.0857246 -0.0870431 -0.0861123 0.0224553 0.0141903 0.0201850 0.0251492 0.0107973 0.0190040 0.0194494 0.0308697 0.0225183 0.0209561 0.0030896 -0.0007078 0.0090096 0.0140280 -0.0502517 -0.0471690 -0.0454915 -0.0528571 -0.0373972 -0.0405902 -0.0347466 -0.0453746 -0.0366435 -0.0465822 -0.0392767 -0.0322921 -0.0369315 -0.0399564 -0.0338687 -0.0363097 -0.0421073 -0.0432661 -0.0313413 -0.0358900 -0.0296926 -0.0318763 -0.0353318 0.0577804 -0.0451702 -0.0496629 -0.0652523 -0.0631180 -0.0205014 0.0003956 0.0056866 0.0094762 0.0103995 -0.0200862 -0.0045720 -0.0132617 -0.0239481 -0.0228080 -0.0295100 -0.0140045 -0.0337061 -0.0283916 -0.0335987 -0.0313819 -0.0378023 -0.0388755 -0.0380362 -0.0688276 -0.0791906 -0.0451290 -0.0664272 -0.0523609 -0.0432898 -0.0297830 -0.0453134 -0.0471982 -0.0358014 -0.0605889 -0.0576096 -0.0509434 -0.0606444 -0.0559056 -0.0634845
-0.0090364 -0.0013692 -0.0296683 -0.0188930 -0.0043391 -0.0239206 -0.0141355 -0.0041727 1.0883878 0.3513251 -0.0514158 -0.0532511 -0.0510888 -0.0530413 -0.0463237 -0.0315471 -0.0352019 -0.0461449 -0.0590646 -0.0328548 -0.0448914 -0.0595472 -0.0295669 -0.0247944 -0.0191031 -0.0212345 -0.0270511 -0.0284320 -0.0313833 -0.0216261 -0.0304638 -0.0258277 -0.0260034 -0.0326541 -0.0286151 -0.0237427 -0.0235426 -0.0263394 -0.0294818 -0.0195369 -0.0172574 -0.0143587 -0.0231302 -0.0225969 -0.0247334 -0.0213343 -0.0203339 -0.0210630 -0.0207473 -0.0182052 -0.0194136 -0.0246970 -0.0245874 -0.0234290 0.0109495 0.0090989 -0.0012919 0.0253621 0.0032357 -0.0082442 0.0060456 -0.0008718 -0.0023597 -0.0014779 -0.0126192 -0.0030082 0.0026214 0.0053156 0.0125525 -0.0122596 0.0147793 -0.0156847 -0.0107669 -0.0074258 -0.0140070 -0.0013949 -0.0091106 -0.0113462 0.0275710 0.0436469 0.0222196 0.0117057 -0.0087543 0.0006454 -0.0309680 0.0032644 -0.0044560 -0.0010264 0.0018002 0.0097957 -0.0021709 -0.0003937 -0.0267753 -0.0009901 -0.0014850 -0.0059020 -0.0055168 -0.0104275 -0.0070359
-0.0071309 -0.0029880 -0.0302318 -0.0204949 -0.0052722 -0.0195347 -0.0133763 -0.0058010 0.3513251 1.0803900 -0.0487140 -0.0538082 -0.0478027 -0.0521349 -0.0459152 -0.0363918 -0.0314209 -0.0440024 -0.0690659 -0.0426527 -0.0503967 -0.0670701 -0.0259869 -0.0238707 -0.0170019 -0.0152920 -0.0252387 -0.0243795 -0.0257858 -0.0196796 -0.0268963 -0.0224439 -0.0246519 -0.0304312 -0.0297757 -0.0158418 -0.0240919 -0.0247283 -0.0284028 -0.0213714 -0.0132475 -0.0174790 -0.0178184 -0.0226391 -0.0182391 -0.0224464 -0.0185601 -0.0196789 -0.0185464 -0.0180859 -0.0146460 -0.0212186 -0.0240026 -0.0198101 0.0059903 0.0033964 0.0031846 0.0255417 0.0007234 -0.0075673 0.0020323 -0.0019129 -0.0046148 -0.0006737 -0.0130294 -0.0066805 0.0007782 0.0030303 0.0091695 -0.0113096 0.0066605 -0.0190040 -0.0059853 -0.0046931 -0.0129022 -0.0003872 -0.0108147 -0.0082288 0.0226533 0.0344431 0.0267005 0.0138226 -0.0116095 0.0013103 -0.0341546 0.0009706 -0.0055317 -0.0043419 0.0074234 0.0098074 -0.0005178 -0.0011874 -0.0228407 -0.0038664 -0.0047218 -0.0048669 -0.0030386 -0.0084735 -0.0079922
0.1035717 0.1418351 0.4248132 0.3361894 0.1562822 0.3075032 0.2605221 0.1743509 -0.0514158 -0.0487140 1.3599733 0.8134232 0.7868682 0.8227518 0.8308747 -0.1097982 0.1140892 0.0626422 -0.1258232 -0.1240247 -0.1258011 -0.1064544 0.0411277 0.0144916 0.0295107 0.0196584 0.0326810 0.0307679 0.0305421 0.0157711 0.0418259 0.0455973 -0.0014121 0.0026827 0.0082315 0.0120969 -0.1241756 -0.1113601 -0.0955516 -0.1334246 -0.0962060 -0.1000690 -0.1034651 -0.1129662 -0.1065035 -0.1186543 -0.1067149 -0.1054688 -0.1033698 -0.0989399 -0.1039134 -0.1084147 -0.1136228 -0.1008727 -0.0780242 -0.0862032 -0.0718585 -0.0691813 -0.0873904 0.1649908 -0.1062987 -0.1108943 -0.1400008 -0.1357484 -0.0586355 -0.0323441 -0.0249620 -0.0086437 -0.0275826 -0.0406366 -0.0343697 -0.0470146 -0.0737963 -0.0730420 -0.0817517 -0.0631739 -0.0966756 -0.0865953 -0.0823239 -0.0816791 -0.0880962 -0.0911770 -0.1059837 -0.1366114 -0.1245826 -0.1107732 -0.1371643 -0.1100281 -0.1049528 -0.0857112 -0.1121501 -0.1164249 -0.1027130 -0.1180824 -0.1225027 -0.1112078 -0.1193630 -0.1132724 -0.1252020
0.1027983 0.1492456 0.4454335 0.3538452 0.1609439 0.3125884 0.2708128 0.1721923 -0.0532511 -0.0538082 0.8134232 1.5011842 0.8045696 0.9777427 1.0523331 -0.1181274 0.1060939 0.0542644 -0.1323929 -0.1301682 -0.1319075 -0.1113623 0.0363176 0.0062796 0.0223151 0.0090905 0.0322824 0.0228246 0.0193487 0.0081810 0.0358704 0.0293681 -0.0042872 -0.0001538 0.0030264 -0.0007754 -0.1287533 -0.1199423 -0.1088110 -0.1355273 -0.1067358 -0.1120589 -0.1171670 -0.1201135 -0.1191318 -0.1301708 -0.1143308 -0.1183285 -0.1139508 -0.1069693 -0.1120068 -0.1124047 -0.1194915 -0.1135512 -0.0843256 -0.0897403 -0.0837064 -0.0717098 -0.0900877 0.1810046 -0.1073605 -0.1161916 -0.1454715 -0.1427995 -0.0668554 -0.0333688 -0.0258486 -0.0115099 -0.0285085 -0.0334897 -0.0279770 -0.0476894 -0.0804520 -0.0778689 -0.0883541 -0.0673756 -0.1075701 -0.0965310 -0.0886590 -0.0835898 -0.0855942 -0.0913812 -0.1103505 -0.1405201 -0.1324487 -0.1212915 -0.1464556 -0.1229827 -0.1149709 -0.0967550 -0.1257084 -0.1280974 -0.1175178 -0.1240630 -0.1308475 -0.1252206 -0.1325337 -0.1267103 -0.1328712
0.0962235 0.1327154 0.4252658 0.3307772 0.1492012 0.3035369 0.2567477 0.1665199 -0.0510888 -0.0478027 0.7868682 0.8045696 1.3940552 0.8103232 0.8202154 -0.1072817 0.1124009 0.0598461 -0.1263197 -0.1238923 -0.1251963 -0.1061898 0.0306632 0.0098294 0.0244312 0.0129978 0.0222684 0.0272270 0.0264963 0.0095399 0.0317106 0.0389238 -0.0113880 -0.0058459 -0.0010888 0.0057430 -0.1232090 -0.1105248 -0.0911815 -0.1295224 -0.0937225 -0.0992371 -0.1035107 -0.1116234 -0.1050927 -0.1199361 -0.1046533 -0.1059057 -0.1052021 -0.0988148 -0.1028482 -0.1080807 -0.1095568 -0.0993449 -0.0798124 -0.0850015 -0.0687390 -0.0711033 -0.0890662 0.1643268 -0.1010345 -0.1063575 -0.1360733 -0.1357224 -0.0614560 -0.0342031 -0.0312180 -0.0154216 -0.0315918 -0.0403884 -0.0376530 -0.0501245 -0.0722106 -0.0716696 -0.0809397 -0.0648901 -0.0972625 -0.0868879 -0.0815820 -0.0801981 -0.0860261 -0.0902241 -0.1048528 -0.1325970 -0.1227765 -0.1094579 -0.1318019 -0.1050177 -0.1044089 -0.0839977 -0.1112332 -0.1135076 -0.1016139 -0.1133997 -0.1164251 -0.1092551 -0.1151817 -0.1088813 -0.1222823
0.1048735 0.1445417 0.4502054 0.3540802 0.1596255 0.3216702 0.2736184 0.1769420 -0.0530413 -0.0521349 0.8227518 0.9777427 0.8103232 1.4835913 1.0222272 -0.1176551 0.1114611 0.0551473 -0.1300949 -0.1342045 -0.1307267 -0.1107978 0.0352502 0.0070176 0.0247787 0.0119766 0.0301305 0.0229812 0.0172947 0.0071155 0.0349472 0.0342779 -0.0031632 -0.0005341 0.0059701 0.0032072 -0.1318520 -0.1206763 -0.1077510 -0.1411909 -0.1086489 -0.1103700 -0.1157480 -0.1229743 -0.1159829 -0.1301406 -0.1154692 -0.1162482 -0.1144947 -0.1093784 -0.1148878 -0.1174736 -0.1230378 -0.1104722 -0.0817840 -0.0910707 -0.0810447 -0.0702317 -0.0892621 0.1797751 -0.1078116 -0.1129465 -0.1461240 -0.1426338 -0.0655297 -0.0305088 -0.0258868 -0.0078269 -0.0269496 -0.0344273 -0.0335938 -0.0459920 -0.0782606 -0.0766317 -0.0891740 -0.0689142 -0.1071812 -0.0942312 -0.0856106 -0.0834545 -0.0902690 -0.0911470 -0.1131358 -0.1420184 -0.1321937 -0.1197418 -0.1456913 -0.1223585 -0.1146107 -0.0939111 -0.1218603 -0.1255029 -0.1138710 -0.1251463 -0.1302399 -0.1261519 -0.1282809 -0.1261811 -0.1336424
0.1142268 0.1581297 0.4777980 0.3739312 0.1696735 0.3338780 0.2892451 0.1848031 -0.0463237 -0.0459152 0.8308747 1.0523331 0.8202154 1.0222272 1.6282971 -0.1220014 0.0806119 0.0255618 -0.1349029 -0.1367921 -0.1375609 -0.1105681 0.0280366 0.0022840 0.0179716 0.0086931 0.0231486 0.0084913 -0.0022403 0.0102556 0.0259243 0.0179461 -0.0024863 0.0004864 0.0065596 -0.0102785 -0.1296273 -0.1254082 -0.1163694 -0.1424382 -0.1191459 -0.1163345 -0.1227732 -0.1276066 -0.1237184 -0.1357634 -0.1200638 -0.1241217 -0.1200243 -0.1162117 -0.1237650 -0.1224838 -0.1276799 -0.1213275 -0.0896590 -0.0965519 -0.0929652 -0.0712452 -0.0879122 0.1889411 -0.1025473 -0.1092306 -0.1409213 -0.1392677 -0.0662200 -0.0297095 -0.0255500 -0.0031715 -0.0224071 -0.0312342 -0.0276664 -0.0424693 -0.0841291 -0.0808109 -0.0965083 -0.0726120 -0.1129702 -0.0977950 -0.0819710 -0.0802429 -0.0830202 -0.0882636 -0.1192005 -0.1390515 -0.1354226 -0.1262150 -0.1491648 -0.1338259 -0.1209731 -0.1055288 -0.1295104 -0.1342949 -0.1238940 -0.1274492 -0.1335749 -0.1402645 -0.1360024 -0.1409780 -0.1387696
0.0087892 -0.0523132 -0.1019147 -0.0936194 -0.0592133 -0.0916125 -0.0865927 -0.0710600 -0.0315471 -0.0363918 -0.1097982 -0.1181274 -0.1072817 -0.1176551 -0.1220014 1.3475144 0.2028535 0.3379014 0.8495306 0.5285428 0.6203643 0.7614530 -0.1112054 -0.0960708 -0.0957076 -0.0940972 -0.0983374 -0.0914787 -0.0953827 -0.1009612 -0.1099611 -0.0905699 -0.1077864 -0.1044704 -0.1085438 -0.0975105 -0.1129062 -0.0997175 -0.0816234 -0.1168709 -0.0975760 -0.0974994 -0.1012653 -0.1146200 -0.1081297 -0.1133496 -0.1068410 -0.1094147 -0.1081655 -0.0998011 -0.1061762 -0.1091428 -0.1142531 -0.0993021 -0.0248732 -0.0248055 -0.0285511 -0.0358845 -0.0335269 -0.0776928 -0.0253336 -0.0250968 -0.0192166 0.0027401 -0.0837295 0.0009242 -0.0334056 -0.0417770 -0.0378197 0.1544498 -0.0283019 0.1627889 -0.0696892 -0.0746180 -0.0880436 -0.0635667 -0.0773640 -0.0804261 -0.0310548 -0.0387992 -0.0366107 -0.0415578 -0.0900566 0.0259124 0.4646441 0.0261387 0.0243818 0.0329141 0.0085271 -0.0022867 0.0001541 -0.0165299 -0.1105027 0.0348923 0.0238774 -0.0161213 0.0383982 0.0787076 0.0743685
0.0725046 0.0387628 0.0493350 0.0391852 0.0258434 0.0349894 0.0341403 0.0284921 -0.0352019 -0.0314209 0.1140892 0.1060939 0.1124009 0.1114611 0.0806119 0.2028535 1.0111364 0.3144359 0.3156796 0.1661769 0.2153532 0.2892314 -0.0352531 -0.0310932 -0.0215888 -0.0232980 -0.0297139 -0.0157350 -0.0131007 -0.0326131 -0.0324338 -0.0047860 -0.0498161 -0.0520073 -0.0490004 -0.0258500 -0.0898544 -0.0747165 -0.0607778 -0.0896868 -0.0589498 -0.0672790 -0.0690389 -0.0788381 -0.0723698 -0.0803752 -0.0739030 -0.0716940 -0.0733628 -0.0634540 -0.0690562 -0.0716513 -0.0756054 -0.0677287 -0.0350607 -0.0352550 -0.0261132 -0.0406417 -0.0488570 0.0098333 -0.0516757 -0.0563830 -0.0661104 -0.0557087 -0.0585731 -0.0145574 -0.0237846 -0.0287365 -0.0294141 0.0582885 -0.0253643 0.0330687 -0.0461742 -0.0483355 -0.0564072 -0.0401512 -0.0585083 -0.0557574 -0.0459273 -0.0490398 -0.0524835 -0.0521861 -0.0632963 -0.0475066 0.1328950 -0.0235503 -0.0397823 -0.0181704 -0.0283658 -0.0201133 -0.0329748 -0.0401292 -0.0706149 -0.0300630 -0.0343871 -0.0297167 -0.0288359 -0.0003100 -0.0203278
0.0921840 0.0135798 0.0044108 0.0066881 0.0079200 -0.0021530 -0.0027633 -0.0008509 -0.0461449 -0.0440024 0.0626422 0.0542644 0.0598461 0.0551473 0.0255618 0.3379014 0.3144359 1.1364055 0.5588153 0.3035302 0.3817267 0.5071374 -0.0633712 -0.0591449 -0.0517007 -0.0529853 -0.0565557 -0.0395925 -0.0405481 -0.0582611 -0.0604383 -0.0355610 -0.0735819 -0.0756231 -0.0779417 -0.0506114 -0.1089746 -0.0932736 -0.0717601 -0.1094005 -0.0782940 -0.0871576 -0.0855596 -0.0979802 -0.0906458 -0.1006918 -0.0909124 -0.0927385 -0.0929003 -0.0835394 -0.0886352 -0.0917590 -0.0967088 -0.0856841 -0.0395187 -0.0379309 -0.0306638 -0.0476438 -0.0505482 -0.0162370 -0.0575911 -0.0575745 -0.0640384 -0.0500966 -0.0724985 0.0012331 -0.0234057 -0.0301061 -0.0300154 0.0840366 -0.0297556 0.1229780 -0.0604311 -0.0626724 -0.0739647 -0.0542803 -0.0715862 -0.0716087 -0.0473385 -0.0553252 -0.0567099 -0.0568862 -0.0811489 -0.0392942 0.2562319 -0.0134263 -0.0282910 -0.0078211 -0.0254615 -0.0203308 -0.0305574 -0.0395557 -0.0911658 -0.0210821 -0.0230336 -0.0313490 -0.0204891 0.0180100 -0.0013920
0.0341386 -0.0699534 -0.1218696 -0.1156308 -0.0783533 -0.1188168 -0.1139089 -0.0972643 -0.0590646 -0.0690659 -0.1258232 -0.1323929 -0.1263197 -0.1300949 -0.1349029 0.8495306 0.3156796 0.5588153 1.8588827 0.8026659 0.9852011 1.3037403 -0.1532725 -0.1346724 -0.1388494 -0.1343634 -0.1143034 -0.1268542 -0.1329721 -0.1371012 -0.1514802 -0.1341125 -0.1273796 -0.1287640 -0.1312346 -0.1334078 -0.1495638 -0.1341874 -0.1189268 -0.1569058 -0.1429529 -0.1418692 -0.1414371 -0.1585560 -0.1518623 -0.1574689 -0.1458870 -0.1540715 -0.1482603 -0.1449348 -0.1522535 -0.1527143 -0.1582347 -0.1323676 -0.0460172 -0.0489854 -0.0620396 -0.0595826 -0.0492681 -0.1034503 -0.0518158 -0.0475258 -0.0568795 -0.0313090 -0.1097970 0.0207073 -0.0260924 -0.0493019 -0.0375890 0.2621380 -0.0301124 0.2962085 -0.1032004 -0.1076579 -0.1294813 -0.0971309 -0.1141278 -0.1178762 -0.0497388 -0.0597635 -0.0583330 -0.0611007 -0.1300559 -0.0076228 0.6895974 0.0055986 0.0035168 -0.0001653 -0.0238395 -0.0299416 -0.0330166 -0.0519845 -0.1574996 0.0109569 -0.0002801 -0.0528176 0.0089279 0.0510159 0.0402217
-0.0055106 -0.0629543 -0.1091670 -0.1022966 -0.0660315 -0.1037006 -0.0941161 -0.0857246 -0.0328548 -0.0426527 -0.1240247 -0.1301682 -0.1238923 -0.1342045 -0.1367921 0.5285428 0.1661769 0.3035302 0.8026659 1.3203739 0.5874313 0.7333923 -0.1165760 -0.1030019 -0.1060564 -0.0997055 -0.0867836 -0.0935173 -0.0953843 -0.1080161 -0.1151508 -0.1037124 -0.0994091 -0.1029551 -0.1083067 -0.0984391 -0.1000577 -0.0877737 -0.0780458 -0.1019634 -0.0946009 -0.0933136 -0.0945886 -0.1052210 -0.1040395 -0.1065379 -0.0953505 -0.1044087 -0.0996190 -0.0923771 -0.0993468 -0.0993157 -0.1063827 -0.0876607 -0.0142959 -0.0162853 -0.0230782 -0.0323221 -0.0249740 -0.0803306 -0.0209484 -0.0210439 -0.0179421 0.0066089 -0.0764960 -0.0003964 -0.0285757 -0.0413302 -0.0327667 0.1396833 -0.0314712 0.1449396 -0.0677698 -0.0722131 -0.0833105 -0.0628550 -0.0676792 -0.0774261 -0.0241748 -0.0299303 -0.0295378 -0.0319308 -0.0841065 0.0342448 0.4408752 0.0337417 0.0378110 0.0330612 0.0142497 0.0012591 0.0000873 -0.0106793 -0.1025659 0.0567341 0.0418840 -0.0111757 0.0511951 0.0857290 0.0845574
0.0022272 -0.0638179 -0.1164093 -0.1078340 -0.0777062 -0.1081870 -0.1042847 -0.0870431 -0.0448914 -0.0503967 -0.1258011 -0.1319075 -0.1251963 -0.1307267 -0.1375609 0.6203643 0.2153532 0.3817267 0.9852011 0.5874313 1.4615914 0.8987625 -0.1312469 -0.1133609 -0.1188784 -0.1118659 -0.0975650 -0.1080561 -0.1114505 -0.1174727 -0.1298974 -0.1155218 -0.1075559 -0.1103070 -0.1126276 -0.1093621 -0.1155946 -0.1056543 -0.0902680 -0.1218409 -0.1097652 -0.1070597 -0.1073570 -0.1224935 -0.1161539 -0.1218014 -0.1146188 -0.1197549 -0.1168682 -0.1121105 -0.1171594 -0.1182077 -0.1233765 -0.1009444 -0.0160225 -0.0238308 -0.0341517 -0.0371536 -0.0342427 -0.0891956 -0.0241830 -0.0242196 -0.0236458 0.0032662 -0.0855732 0.0026402 -0.0292306 -0.0487723 -0.0339440 0.1708190 -0.0351437 0.1904968 -0.0805000 -0.0817092 -0.0991393 -0.0734496 -0.0857793 -0.0894314 -0.0281817 -0.0365062 -0.0389195 -0.0409187 -0.0982883 0.0257752 0.5051556 0.0275504 0.0310048 0.0230667 0.0066506 -0.0041068 -0.0037090 -0.0223424 -0.1194294 0.0418448 0.0361907 -0.0218628 0.0395195 0.0762398 0.0753972
0.0509446 -0.0518193 -0.1056955 -0.1043257 -0.0724021 -0.1076432 -0.1024849 -0.0861123 -0.0595472 -0.0670701 -0.1064544 -0.1113623 -0.1061898 -0.1107978 -0.1105681 0.7614530 0.2892314 0.5071374 1.3037403 0.7333923 0.8987625 1.7533593 -0.1401183 -0.1251258 -0.1287789 -0.1269794 -0.1017139 -0.1171098 -0.1246579 -0.1300248 -0.1386250 -0.1270527 -0.1152866 -0.1183390 -0.1172626 -0.1253946 -0.1397147 -0.1277905 -0.1096607 -0.1445358 -0.1351703 -0.1358814 -0.1359213 -0.1495951 -0.1433598 -0.1483630 -0.1375473 -0.1469832 -0.1406613 -0.1369043 -0.1425021 -0.1433910 -0.1504607 -0.1257991 -0.0435414 -0.0451067 -0.0608352 -0.0510211 -0.0473674 -0.0929210 -0.0504630 -0.0487431 -0.0563241 -0.0386250 -0.1016553 0.0210486 -0.0223156 -0.0442858 -0.0302652 0.2591063 -0.0176970 0.2807195 -0.1005736 -0.1024064 -0.1222603 -0.0932287 -0.1070658 -0.1096907 -0.0463704 -0.0538844 -0.0553686 -0.0584229 -0.1242687 -0.0078987 0.6211041 -0.0055829 -0.0027843 -0.0088588 -0.0277929 -0.0353243 -0.0363513 -0.0576021 -0.1498109 0.0045348 -0.0018134 -0.0556839 0.0031004 0.0403640 0.0276280
-0.0056117 0.0128728 0.0394860 0.0380605 0.0180992 0.0315794 0.0345374 0.0224553 -0.0295669 -0.0259869 0.0411277 0.0363176 0.0306632 0.0352502 0.0280366 -0.1112054 -0.0352531 -0.0633712 -0.1532725 -0.1165760 -0.1312469 -0.1401183 1.0426483 0.1037749 0.1004310 0.0704417 0.1003362 0.0945709 0.0817582 0.0824638 0.9894632 0.1103610 0.0910253 0.0884656 0.0951305 0.0690801 -0.0303684 -0.0275497 -0.0306712 -0.0264201 -0.0227850 -0.0299755 -0.0263896 -0.0264992 -0.0191968 -0.0282560 -0.0222067 -0.0211403 -0.0199368 -0.0174261 -0.0181782 -0.0198873 -0.0267122 -0.0275102 -0.0418117 -0.0389656 -0.0393134 -0.0425857 -0.0509193 0.0407411 -0.0587476 -0.0597039 -0.0696355 -0.0726407 0.0013333 -0.0457196 -0.0324409 -0.0239258 -0.0359463 -0.0586499 -0.0419768 -0.0625090 -0.0271311 -0.0254257 -0.0154607 -0.0239402 -0.0279868 -0.0301419 -0.0502008 -0.0457346 -0.0465096 -0.0445646 -0.0269428 -0.0800252 -0.1126750 -0.0617599 -0.0767537 -0.0635755 -0.0525268 -0.0460777 -0.0572528 -0.0546084 -0.0217956 -0.0683746 -0.0746374 -0.0498707 -0.0680653 -0.0668703 -0.0740668
-0.0093690 0.0054551 0.0192960 0.0253555 0.0104811 0.0280467 0.0275514 0.0141903 -0.0247944 -0.0238707 0.0144916 0.0062796 0.0098294 0.0070176 0.0022840 -0.0960708 -0.0310932 -0.0591449 -0.1346724 -0.1030019 -0.1133609 -0.1251258 0.1037749 1.0507904 0.1250940 0.0656086 0.1049491 0.0809366 0.0783021 0.0768879 0.1035087 0.1165579 0.1014530 0.5524641 0.1058989 0.0713209 -0.0207482 -0.0102220 -0.0211012 -0.0192322 -0.0165841 -0.0201351 -0.0208929 -0.0199932 -0.0138101 -0.0249677 -0.0153951 -0.0140511 -0.0127401 -0.0099406 -0.0064732 -0.0174324 -0.0189219 -0.0211471 -0.0394859 -0.0401456 -0.0326003 -0.0353975 -0.0439230 0.0284688 -0.0461245 -0.0494438 -0.0642270 -0.0628749 0.0144715 -0.0422538 -0.0313768 -0.0315753 -0.0397123 -0.0588993 -0.0387612 -0.0595083 -0.0171453 -0.0174466 -0.0091988 -0.0180679 -0.0255524 -0.0209992 -0.0396208 -0.0403924 -0.0385200 -0.0320467 -0.0237668 -0.0663463 -0.0947868 -0.0520860 -0.0621045 -0.0493730 -0.0423534 -0.0383695 -0.0492729 -0.0443679 -0.0104985 -0.0557153 -0.0632970 -0.0461204 -0.0575169 -0.0556047 -0.0627038
0.0002163 0.0218992 0.0369439 0.0374150 0.0177236 0.0369193 0.0358012 0.0201850 -0.0191031 -0.0170019 0.0295107 0.0223151 0.0244312 0.0247787 0.0179716 -0.0957076 -0.0215888 -0.0517007 -0.1388494 -0.1060564 -0.1188784 -0.1287789 0.1004310 0.1250940 1.0411472 0.0698917 0.1062159 0.0828784 0.0871084 0.0844403 0.1004787 0.1284982 0.1046925 0.1080191 0.1110022 0.0768736 -0.0202904 -0.0173592 -0.0178947 -0.0170987 -0.0096474 -0.0105764 -0.0123468 -0.0210367 -0.0104820 -0.0195454 -0.0089240 -0.0073432 -0.0050492 -0.0066855 -0.0055861 -0.0088176 -0.0172660 -0.0166670 -0.0351838 -0.0306191 -0.0258370 -0.0333224 -0.0360919 0.0328143 -0.0419116 -0.0431564 -0.0567256 -0.0618471 0.0205045 -0.0397923 -0.0291415 -0.0269237 -0.0352502 -0.0504108 -0.0343856 -0.0550425 -0.0132364 -0.0087211 -0.0034736 -0.0121673 -0.0188057 -0.0147297 -0.0360617 -0.0354502 -0.0383940 -0.0309822 -0.0173444 -0.0628086 -0.0971089 -0.0507652 -0.0603469 -0.0462596 -0.0423784 -0.0339197 -0.0435011 -0.0406662 -0.0070166 -0.0598888 -0.0579962 -0.0404919 -0.0552236 -0.0534256 -0.0616289
0.0042161 0.0171360 0.0276782 0.0294928 0.0177762 0.0334015 0.0346975 0.0251492 -0.0212345 -0.0152920 0.0196584 0.0090905 0.0129978 0.0119766 0.0086931 -0.0940972 -0.0232980 -0.0529853 -0.1343634 -0.0997055 -0.1118659 -0.1269794 0.0704417 0.0656086 0.0698917 1.0427763 0.0607085 0.1121632 0.1212221 0.1600464 0.0714616 0.0759265 0.0502161 0.0530820 0.0542954 0.0702945 -0.0117142 -0.0035189 0.0001697 -0.0090331 -0.0034217 -0.0062312 -0.0020911 -0.0038191 0.0003484 -0.0057048 -0.0010984 0.0012009 0.0054356 0.0095633 0.0094112 0.0018521 -0.0040521 -0.0073326 -0.0312789 -0.0262660 -0.0226218 -0.0335055 -0.0397996 0.0270032 -0.0411001 -0.0437735 -0.0524619 -0.0536932 0.0108692 -0.0421875 -0.0340568 -0.0329543 -0.0356119 -0.0585559 -0.0351188 -0.0585129 -0.0053908 -0.0042607 0.0013451 -0.0056895 -0.0127957 -0.0084873 -0.0363968 -0.0417430 -0.0369533 -0.0316745 -0.0111070 -0.0584864 -0.0901253 -0.0354188 -0.0532342 -0.0384341 -0.0289322 -0.0233224 -0.0319831 -0.0312438 0.0042254 -0.0506206 -0.0524038 -0.0301346 -0.0451289 -0.0429808 -0.0537140
-0.0058896 0.0142549 0.0233760 0.0365955 0.0140147 0.0390087 0.0261442 0.0107973 -0.0270511 -0.0252387 0.0326810 0.0322824 0.0222684 0.0301305 0.0231486 -0.0983374 -0.0297139 -0.0565557 -0.1143034 -0.0867836 -0.0975650 -0.1017139 0.1003362 0.1049491 0.1062159 0.0607085 1.0806352 0.0914828 0.0722177 0.0786006 0.1000310 0.0966534 0.1032992 0.1188966 0.1323447 0.0752668 -0.0150481 -0.0140918 -0.0276038 -0.0138389 -0.0166157 -0.0214637 -0.0178317 -0.0220169 -0.0137606 -0.0224069 -0.0175942 -0.0182091 -0.0133371 -0.0137165 -0.0100581 -0.0147470 -0.0230133 -0.0172923 -0.0266550 -0.0228499 -0.0302901 -0.0293397 -0.0336460 0.0315625 -0.0422799 -0.0435721 -0.0515139 -0.0585859 0.0203763 -0.0359024 -0.0220309 -0.0179036 -0.0238614 -0.0428780 -0.0199420 -0.0451197 -0.0179371 -0.0140942 -0.0071633 -0.0183723 -0.0239574 -0.0215432 -0.0344277 -0.0352920 -0.0321046 -0.0291372 -0.0236657 -0.0610881 -0.0889982 -0.0535749 -0.0546931 -0.0540443 -0.0430727 -0.0397630 -0.0492908 -0.0482101 -0.0166586 -0.0510197 -0.0533303 -0.0430028 -0.0503336 -0.0573971 -0.0626170
-0.0082133 0.0090534 0.0251198 0.0300711 0.0158015 0.0300803 0.0282126 0.0190040 -0.0284320 -0.0243795 0.0307679 0.0228246 0.0272270 0.0229812 0.0084913 -0.0914787 -0.0157350 -0.0395925 -0.1268542 -0.0935173 -0.1080561 -0.1171098 0.0945709 0.0809366 0.0828784 0.1121632 0.0914828 1.2069818 0.1657331 0.1339798 0.0958213 0.0956565 0.0715094 0.0690281 0.0831524 0.0741469 -0.0280917 -0.0195310 -0.0125295 -0.0233316 -0.0145389 -0.0233250 -0.0188997 -0.0200142 -0.0192883 -0.0276024 -0.0234750 -0.0198277 -0.0163380 -0.0075454 -0.0104081 -0.0179946 -0.0251382 -0.0242621 -0.0350243 -0.0286039 -0.0226506 -0.0373332 -0.0417632 0.0316827 -0.0488397 -0.0508908 -0.0575093 -0.0630115 0.0082084 -0.0372294 -0.0293321 -0.0257787 -0.0303949 -0.0536106 -0.0341881 -0.0537120 -0.0158099 -0.0130485 -0.0076339 -0.0106790 -0.0225058 -0.0239550 -0.0439375 -0.0414803 -0.0392176 -0.0353078 -0.0216849 -0.0601976 -0.0888754 -0.0474894 -0.0574831 -0.0418143 -0.0382294 -0.0320145 -0.0419443 -0.0401421 -0.0162946 -0.0487202 -0.0545920 -0.0328682 -0.0498205 -0.0461904 -0.0570950
-0.0067664 0.0119156 0.0212459 0.0289539 0.0169648 0.0278762 0.0248502 0.0194494 -0.0313833 -0.0257858 0.0305421 0.0193487 0.0264963 0.0172947 -0.0022403 -0.0953827 -0.0131007 -0.0405481 -0.1329721 -0.0953843 -0.1114505 -0.1246579 0.0817582 0.0783021 0.0871084 0.1212221 0.0722177 0.1657331 1.1508696 0.1268244 0.0834851 0.0935632 0.0564553 0.0578214 0.0556112 0.0731186 -0.0189230 -0.0095989 -0.0085603 -0.0170024 -0.0015927 -0.0114602 -0.0078269 -0.0075654 -0.0029447 -0.0147446 -0.0083906 -0.0041512 -0.0030135 0.0046859 0.0046205 -0.0079701 -0.0074640 -0.0090323 -0.0329870 -0.0305129 -0.0204549 -0.0428636 -0.0463256 0.0292680 -0.0532104 -0.0528684 -0.0603986 -0.0647297 0.0072822 -0.0439087 -0.0375609 -0.0325168 -0.0405357 -0.0585725 -0.0442677 -0.0591558 -0.0103708 -0.0074643 0.0021673 -0.0072772 -0.0162837 -0.0138145 -0.0475019 -0.0470132 -0.0432227 -0.0379580 -0.0145368 -0.0658680 -0.0968169 -0.0418507 -0.0577900 -0.0399756 -0.0325018 -0.0308914 -0.0388768 -0.0351091 -0.0016125 -0.0524915 -0.0536082 -0.0308978 -0.0510411 -0.0446490 -0.0601486
0.0063066 0.0195463 0.0336382 0.0380805 0.0222806 0.0389935 0.0404138 0.0308697 -0.0216261 -0.0196796 0.0157711 0.0081810 0.0095399 0.0071155 0.0102556 -0.1009612 -0.0326131 -0.0582611 -0.1371012 -0.1080161 -0.1174727 -0.1300248 0.0824638 0.0768879 0.0844403 0.1600464 0.0786006 0.1339798 0.1268244 1.1248939 0.0832549 0.0870166 0.0696995 0.0578437 0.0728891 0.0732083 -0.0161077 -0.0166190 -0.0032166 -0.0151327 -0.0118467 -0.0103516 -0.0106215 -0.0148854 -0.0007318 -0.0130923 -0.0097974 0.0012968 -0.0035021 0.0006092 0.0005964 -0.0098703 -0.0128377 -0.0143791 -0.0370750 -0.0359853 -0.0291077 -0.0369336 -0.0443015 0.0311154 -0.0433659 -0.0464067 -0.0603006 -0.0591243 0.0136913 -0.0369462 -0.0349982 -0.0300138 -0.0340341 -0.0569150 -0.0372130 -0.0596571 -0.0076031 -0.0070243 0.0024871 -0.0046877 -0.0147916 -0.0111522 -0.0383039 -0.0359147 -0.0409052 -0.0347999 -0.0145570 -0.0661581 -0.0994698 -0.0450364 -0.0609208 -0.0506511 -0.0387056 -0.0321056 -0.0417416 -0.0392765 0.0004991 -0.0578670 -0.0563666 -0.0467598 -0.0570529 -0.0546400 -0.0606600
-0.0054279 0.0128387 0.0390824 0.0380209 0.0183330 0.0314333 0.0344137 0.0225183 -0.0304638 -0.0268963 0.0418259 0.0358704 0.0317106 0.0349472 0.0259243 -0.1099611 -0.0324338 -0.0604383 -0.1514802 -0.1151508 -0.1298974 -0.1386250 0.9894632 0.1035087 0.1004787 0.0714616 0.1000310 0.0958213 0.0834851 0.0832549 1.0382148 0.1129719 0.0891859 0.0868919 0.0936598 0.0698968 -0.0312894 -0.0276243 -0.0298969 -0.0278032 -0.0223210 -0.0302301 -0.0265319 -0.0266733 -0.0194003 -0.0285758 -0.0225862 -0.0214440 -0.0202589 -0.0172530 -0.0181854 -0.0200585 -0.0267991 -0.0276482 -0.0419970 -0.0390863 -0.0387485 -0.0437488 -0.0524601 0.0407565 -0.0601974 -0.0612870 -0.0710380 -0.0739057 0.0001503 -0.0472953 -0.0342620 -0.0262178 -0.0378904 -0.0599837 -0.0438698 -0.0636514 -0.0273461 -0.0256874 -0.0153887 -0.0240433 -0.0283286 -0.0304156 -0.0517766 -0.0473875 -0.0481372 -0.0460642 -0.0271987 -0.0812174 -0.1122083 -0.0613720 -0.0771810 -0.0628513 -0.0522992 -0.0455705 -0.0569028 -0.0543315 -0.0217335 -0.0682714 -0.0746210 -0.0488610 -0.0679574 -0.0658395 -0.0738149
-0.0009803 0.0164739 0.0289457 0.0331207 0.0217154 0.0420909 0.0357833 0.0209561 -0.0258277 -0.0224439 0.0455973 0.0293681 0.0389238 0.0342779 0.0179461 -0.0905699 -0.0047860 -0.0355610 -0.1341125 -0.1037124 -0.1155218 -0.1270527 0.1103610 0.1165579 0.1284982 0.0759265 0.0966534 0.0956565 0.0935632 0.0870166 0.1129719 0.8629465 0.1059649 0.1000448 0.3570247 0.0798533 -0.0239490 -0.0187995 -0.0089414 -0.0261795 -0.0095962 -0.0175812 -0.0163605 -0.0199091 -0.0100037 -0.0209742 -0.0180153 -0.0105597 -0.0086014 -0.0078163 -0.0057944 -0.0141594 -0.0179106 -0.0162869 -0.0381257 -0.0334220 -0.0226661 -0.0371814 -0.0467389 0.0341394 -0.0507017 -0.0539602 -0.0660573 -0.0659712 0.0188097 -0.0473997 -0.0359006 -0.0339585 -0.0386565 -0.0581691 -0.0462870 -0.0629482 -0.0129920 -0.0093806 -0.0037824 -0.0127060 -0.0231603 -0.0180798 -0.0462105 -0.0465827 -0.0465627 -0.0361173 -0.0202437 -0.0717193 -0.0959639 -0.0480900 -0.0672582 -0.0476140 -0.0393851 -0.0329200 -0.0435052 -0.0434100 -0.0108013 -0.0589249 -0.0620992 -0.0364496 -0.0574370 -0.0491654 -0.0641882
-0.0137698 0.0011202 0.0079401 0.0164663 -0.0017218 0.0181835 0.0132225 0.0030896 -0.0260034 -0.0246519 -0.0014121 -0.0042872 -0.0113880 -0.0031632 -0.0024863 -0.1077864 -0.0498161 -0.0735819 -0.1273796 -0.0994091 -0.1075559 -0.1152866 0.0910253 0.1014530 0.1046925 0.0502161 0.1032992 0.0715094 0.0564553 0.0696995 0.0891859 0.1059649 1.1273557 0.1345885 0.1636884 0.0672079 -0.0105019 -0.0185422 -0.0217456 0.0005640 -0.0205181 -0.0214803 -0.0163457 -0.0203638 -0.0097330 -0.0208309 -0.0197992 -0.0108985 -0.0077671 -0.0113969 -0.0111499 -0.0138859 -0.0222250 -0.0173322 -0.0340190 -0.0274506 -0.0314289 -0.0082012 -0.0104838 0.0232866 -0.0204888 -0.0231259 -0.0340189 -0.0393572 0.0436204 -0.0164888 -0.0058276 0.0015686 -0.0084876 -0.0273728 -0.0081511 -0.0336714 -0.0186116 -0.0153212 -0.0087564 -0.0127798 -0.0211683 -0.0196274 -0.0135422 -0.0104582 -0.0099946 -0.0023672 -0.0205453 -0.0425914 -0.0812280 -0.0531441 -0.0502120 -0.0576548 -0.0488188 -0.0454046 -0.0509145 -0.0500101 -0.0158559 -0.0573051 -0.0587249 -0.0528622 -0.0534619 -0.0634102 -0.0612717
-0.0271720 -0.0111981 0.0039386 0.0075280 -0.0044090 0.0129246 0.0092153 -0.0007078 -0.0326541 -0.0304312 0.0026827 -0.0001538 -0.0058459 -0.0005341 0.0004864 -0.1044704 -0.0520073 -0.0756231 -0.1287640 -0.1029551 -0.1103070 -0.1183390 0.0884656 0.5524641 0.1080191 0.0530820 0.1188966 0.0690281 0.0578214 0.0578437 0.0868919 0.1000448 0.1345885 1.1049865 0.1534956 0.0572232 -0.0208258 -0.0127748 -0.0163656 -0.0108026 -0.0280012 -0.0273746 -0.0286977 -0.0284253 -0.0196711 -0.0286105 -0.0191112 -0.0178078 -0.0178403 -0.0180815 -0.0132091 -0.0234172 -0.0281292 -0.0220906 -0.0383081 -0.0409197 -0.0391723 -0.0055204 -0.0259712 0.0241809 -0.0277528 -0.0307185 -0.0466352 -0.0443174 0.0373115 -0.0217440 -0.0132433 -0.0077405 -0.0089118 -0.0338214 -0.0161548 -0.0360174 -0.0204520 -0.0212676 -0.0137208 -0.0229793 -0.0306505 -0.0249797 -0.0210612 -0.0221908 -0.0173950 -0.0105427 -0.0293336 -0.0449703 -0.0819706 -0.0585969 -0.0531304 -0.0591051 -0.0472671 -0.0469435 -0.0542048 -0.0536141 -0.0243150 -0.0580113 -0.0617598 -0.0566080 -0.0572500 -0.0633140 -0.0643444
-0.0209120 0.0002036 0.0065183 0.0128581 0.0013883 0.0223274 0.0153952 0.0090096 -0.0286151 -0.0297757 0.0082315 0.0030264 -0.0010888 0.0059701 0.0065596 -0.1085438 -0.0490004 -0.0779417 -0.1312346 -0.1083067 -0.1126276 -0.1172626 0.0951305 0.1058989 0.1110022 0.0542954 0.1323447 0.0831524 0.0556112 0.0728891 0.0936598 0.3570247 0.1636884 0.1534956 1.1267790 0.0643848 -0.0197408 -0.0240104 -0.0251287 -0.0090245 -0.0270891 -0.0252936 -0.0252342 -0.0273369 -0.0194343 -0.0266823 -0.0238961 -0.0171486 -0.0173309 -0.0205108 -0.0149565 -0.0222842 -0.0278114 -0.0188617 -0.0376645 -0.0359374 -0.0383354 -0.0164681 -0.0244473 0.0266143 -0.0233163 -0.0261652 -0.0431335 -0.0444574 0.0449487 -0.0208711 -0.0069310 -0.0025505 -0.0052079 -0.0292254 -0.0155339 -0.0359891 -0.0190677 -0.0135387 -0.0148106 -0.0150740 -0.0284630 -0.0259992 -0.0179948 -0.0176673 -0.0184844 -0.0100804 -0.0286186 -0.0469522 -0.0836069 -0.0583382 -0.0574228 -0.0688701 -0.0514607 -0.0500357 -0.0553603 -0.0529627 -0.0208046 -0.0623905 -0.0647965 -0.0581982 -0.0609135 -0.0678907 -0.0697206
-0.0097794 0.0023508 0.0126924 0.0145530 0.0112091 0.0179177 0.0205212 0.0140280 -0.0237427 -0.0158418 0.0120969 -0.0007754 0.0057430 0.0032072 -0.0102785 -0.0975105 -0.0258500 -0.0506114 -0.1334078 -0.0984391 -0.1093621 -0.1253946 0.0690801 0.0713209 0.0768736 0.0702945 0.0752668 0.0741469 0.0731186 0.0732083 0.0698968 0.0798533 0.0672079 0.0572232 0.0643848 0.9885202 -0.0002938 -0.0014146 -0.0105300 -0.0078391 0.0038242 -0.0021348 0.0033627 0.0004619 0.0069994 -0.0027513 0.0009716 0.0136441 0.0097088 0.0118975 0.0111496 0.0096213 -0.0003302 -0.0007827 -0.0241909 -0.0209299 -0.0170200 -0.0267607 -0.0325434 0.0237877 -0.0397566 -0.0390408 -0.0472373 -0.0506806 0.0271611 -0.0348919 -0.0246760 -0.0242365 -0.0279205 -0.0500991 -0.0361734 -0.0529072 -0.0002793 0.0036907 0.0098589 0.0005371 -0.0072468 -0.0063721 -0.0339989 -0.0327597 -0.0304152 -0.0254608 -0.0045470 -0.0588733 -0.0928894 -0.0357343 -0.0505303 -0.0387444 -0.0268924 -0.0252718 -0.0338550 -0.0292545 0.0113077 -0.0475383 -0.0479266 -0.0282618 -0.0455787 -0.0433062 -0.0534777
-0.0597718 -0.0505357 -0.0837391 -0.0710145 -0.0500591 -0.0677458 -0.0602625 -0.0502517 -0.0235426 -0.0240919 -0.1241756 -0.1287533 -0.1232090 -0.1318520 -0.1296273 -0.1129062 -0.0898544 -0.1089746 -0.1495638 -0.1000577 -0.1155946 -0.1397147 -0.0303684 -0.0207482 -0.0202904 -0.0117142 -0.0150481 -0.0280917 -0.0189230 -0.0161077 -0.0312894 -0.0239490 -0.0105019 -0.0208258 -0.0197408 -0.0002938 1.3907769 0.3362991 0.1712931 0.1403397 0.0587529 0.0544115 0.0744168 0.0739407 0.0872674 0.0745314 0.0801909 0.0871726 0.0841909 0.0774489 0.0798509 0.0798137 0.0724505 0.0688014 -0.0185360 -0.0121500 -0.0162915 -0.0203336 -0.0177279 -0.0254428 -0.0173579 -0.0230787 -0.0221419 -0.0218512 0.0115790 -0.0459313 -0.0398955 -0.0318580 -0.0415499 -0.0611140 -0.0358782 -0.0661597 0.0056739 0.0083470 0.0433587 0.0121835 0.0339773 0.0302151 -0.0214428 -0.0247324 -0.0184787 -0.0151486 0.0499318 -0.0382927 -0.0960627 -0.0284089 -0.0308227 -0.0304100 -0.0212406 -0.0262350 -0.0221564 -0.0169226 0.0777806 -0.0317559 -0.0345771 -0.0140237 -0.0317909 -0.0392480 -0.0423396
