A1,A2,A3,A4,A5,Sample,Names
0.313263463,1E-09,0.138020343,0.226177372,0.322538821,Karakoram_S19_10678.CanFam31.bam,D_Pakistan_Karakoram_S19_10678.CanFam31.bam
0.367820529,1E-09,0.04463592,0.241055189,0.346488361,Karakoram_S19_10679.CanFam31.bam,D_Pakistan_Karakoram_S19_10679.CanFam31.bam
0.717976907,1E-09,1E-09,1E-09,0.28202309,DGKhan_S19_10680.CanFam31.bam,D_Pakistan_DGKhan_S19_10680.CanFam31.bam
0.594086462,1E-09,1E-09,0.058654529,0.347259006,S21_1037_Kolhu.CanFam31.bam,D_Pakistan_S21_1037_Kolhu.CanFam31.bam
0.376606361,1E-09,0.026966136,0.229987129,0.366440374,S21_1038_Chitral.CanFam31.bam,D_Pakistan_S21_1038_Chitral.CanFam31.bam
0.55139804,1E-09,1E-09,0.090051054,0.358550904,S21_1039_Punjab.CanFam31.bam,D_Pakistan_S21_1039_Punjab.CanFam31.bam
0.5018815,1E-09,1E-09,0.111499851,0.386618647,S21_1041_Waziristan.CanFam31.bam,D_Pakistan_S21_1041_Waziristan.CanFam31.bam
0.400331845,0.000000001,0.011057565,0.225023801,0.363586789,S21_1042_Chitral.CanFam31.bam,D_Pakistan_S21_1042_Chitral.CanFam31.bam
0.113807158,1E-09,0.008905564,0.637939499,0.239347778,Kyrgyz_WLF179.CanFam31.bam,F_CentralAsia_Kyrgyz_WLF179.CanFam31.bam
0.114235758,1E-09,0.001760257,0.633021683,0.250982301,Kyrgyz_WLF180.CanFam31.bam,F_CentralAsia_Kyrgyz_WLF180.CanFam31.bam
0.999999996,1E-09,1E-09,1E-09,1E-09,BH6_Indian_Wolf.CanFam31.realigned.bam,B_Indian_BH6_Indian_Wolf.CanFam31.realigned.bam
0.999999996,1E-09,1E-09,1E-09,1E-09,BH126_Indian_Wolf.CanFam31.realigned.bam,B_Indian_BH126_Indian_Wolf.CanFam31.realigned.bam
0.999999996,1E-09,1E-09,1E-09,1E-09,Indianwolf_SRR13985171.CanFam31.bam,B_Indian_Indianwolf_SRR13985171.CanFam31.bam
0.999999996,1E-09,1E-09,1E-09,1E-09,BH124_Indian_Wolf.CanFam31.realigned.bam,B_Indian_BH124_Indian_Wolf.CanFam31.realigned.bam
0.999999996,1E-09,1E-09,1E-09,1E-09,Indianwolf_BH123.merge.CanFam31.bam,B_Indian_Indianwolf_BH123.merge.CanFam31.bam
1E-09,1E-09,0.999999996,1E-09,1E-09,MYL_Tibetan_SAMN12565073.CanFam31.bam,E_Tibetan_MYL_Tibetan_SAMN12565073.CanFam31.bam
0.285826475,1E-09,0.439606955,1E-09,0.274566568,BH1_Tibetan_Wolf.CanFam31.realigned.bam,E_Tibetan_BH1_Tibetan_Wolf.CanFam31.realigned.bam
0.2184831,1E-09,0.653587492,1E-09,0.127929406,BH4_Tibetan_Wolf.CanFam31.realigned.bam,E_Tibetan_BH4_Tibetan_Wolf.CanFam31.realigned.bam
1E-09,1E-09,0.999999996,1E-09,1E-09,Chinese_CAN9A.CanFam31.realigned.bam,E_Tibetan_Chinese_CAN9A.CanFam31.realigned.bam
1E-09,1E-09,0.805442208,0.194557789,1E-09,Chinese_CAN11.CanFam31.realigned.bam,E_Tibetan_Chinese_CAN11.CanFam31.realigned.bam
1E-09,1E-09,0.999999996,1E-09,1E-09,Chinese_CAN16.CanFam31.realigned.bam,E_Tibetan_Chinese_CAN16.CanFam31.realigned.bam
1E-09,1E-09,0.999999996,1E-09,1E-09,Chinese_CAN32.CanFam31.realigned.bam,E_Tibetan_Chinese_CAN32.CanFam31.realigned.bam
0.251149967,1E-09,1E-09,1E-09,0.74885003,Iranwolf_SRR12009566.CanFam31.bam,C_WestAsia_Iranwolf_SRR12009566.CanFam31.bam
0.199589612,0.016798885,1E-09,1E-09,0.783611501,Iranwolf_SRR12009567.CanFam31.bam,C_WestAsia_Iranwolf_SRR12009567.CanFam31.bam
0.218574647,0.016068616,1E-09,0.036759191,0.728597545,Iranwolf_SRR12009568.merge.CanFam31.bam,C_WestAsia_Iranwolf_SRR12009568.merge.CanFam31.bam
0.178761413,0.029861364,1E-09,1E-09,0.791377221,S21_2743_SaudiArabia.CanFam31.bam,C_WestAsia_S21_2743_SaudiArabia.CanFam31.bam
0.219358749,0.02398468,0.00532997,0.092465777,0.658860825,IranWolf.CanFam31.realigned.bam,C_WestAsia_IranWolf.CanFam31.realigned.bam
0.200553799,0.078696774,1E-09,1E-09,0.720749425,Saudi_wolf_B1.CanFam31.realigned.bam,C_WestAsia_Saudi_wolf_B1.CanFam31.realigned.bam
0.185692853,0.053277098,1E-09,1E-09,0.761030048,Syrian_wolf.CanFam31.realigned.bam,C_WestAsia_Syrian_wolf.CanFam31.realigned.bam
0.199707757,0.039542029,1E-09,1E-09,0.760750211,Lebanonwolf.CanFam31.bam,C_WestAsia_Lebanonwolf.CanFam31.bam
0.251272921,1E-09,1E-09,1E-09,0.748727076,Iran_SAMC036723.CanFam31.bam,C_WestAsia_Iran_SAMC036723.CanFam31.bam
0.184679153,0.016852752,1E-09,0.172690122,0.625777972,Iran_SRR20326411.merge.CanFam31.bam,C_WestAsia_Iran_SRR20326411.merge.CanFam31.bam
0.187049069,0.012561866,0.000000001,0.089691435,0.710697629,Iran_SRR20326410.merge.CanFam31.bam,C_WestAsia_Iran_SRR20326410.merge.CanFam31.bam
0.198019616,0.021468352,0.000000001,0.152457266,0.628054764,Iran_SRR20326408.merge.CanFam31.bam,C_WestAsia_Iran_SRR20326408.merge.CanFam31.bam
0.173109734,0.013782127,0.000000001,0.077881047,0.73522709,norwegian_wolf,C_WestAsia_MW387.CanFam31.realigned.bam
1E-09,1E-09,1E-09,1E-09,0.999999996,PortugueseWolf.CanFam31.realigned.bam,H_Europe_PortugueseWolf.CanFam31.realigned.bam
1E-09,1E-09,1E-09,1E-09,0.999999996,IberianWolf.CanFam31.realigned.bam,H_Europe_IberianWolf.CanFam31.realigned.bam
1E-09,1E-09,1E-09,1E-09,0.999999996,wSierraMorena.CanFam31.realigned.bam,H_Europe_wSierraMorena.CanFam31.realigned.bam
1E-09,1E-09,1E-09,1E-09,0.999999996,ItalianWolf_W050_SAMN02921313.CanFam31.realigned.bam,H_Europe_ItalianWolf_W050_SAMN02921313.CanFam31.realigned.bam
1E-09,1E-09,1E-09,0.088025483,0.911974514,MW005.CanFam31.realigned.bam,H_Europe_MW005.CanFam31.realigned.bam
1E-09,1E-09,1E-09,0.123267835,0.876732162,MW347.CanFam31.realigned.bam,H_Europe_MW347.CanFam31.realigned.bam
1E-09,1E-09,1E-09,0.017254319,0.982745678,MW020.CanFam31.realigned.bam,H_Europe_MW020.CanFam31.realigned.bam
1E-09,1E-09,1E-09,1E-09,0.999999996,MW045.CanFam31.realigned.bam,H_Europe_MW045.CanFam31.realigned.bam
1E-09,1E-09,1E-09,1E-09,0.999999996,MW062.CanFam31.realigned.bam,H_Europe_MW062.CanFam31.realigned.bam
1E-09,1E-09,1E-09,1E-09,0.999999996,MW515.CanFam31.realigned.bam,H_Europe_MW515.CanFam31.realigned.bam
1E-09,1E-09,1E-09,0.014907255,0.985092742,MW707A.CanFam31.realigned.bam,H_Europe_MW707A.CanFam31.realigned.bam
1E-09,1E-09,1E-09,1E-09,0.999999996,MW703A.CanFam31.realigned.bam,H_Europe_MW703A.CanFam31.realigned.bam
1E-09,1E-09,1E-09,1E-09,0.999999996,MW706A.CanFam31.realigned.bam,H_Europe_MW706A.CanFam31.realigned.bam
1E-09,1E-09,1E-09,1E-09,0.999999996,MW1126.CanFam31.realigned.bam,H_Europe_MW1126.CanFam31.realigned.bam
1E-09,1E-09,1E-09,1E-09,0.999999996,MW1135.CanFam31.realigned.bam,H_Europe_MW1135.CanFam31.realigned.bam
1E-09,1E-09,1E-09,1E-09,0.999999996,MW339.CanFam31.realigned.bam,H_Europe_MW339.CanFam31.realigned.bam
1E-09,1E-09,1E-09,1E-09,0.999999996,MW055.CanFam31.realigned.bam,H_Europe_MW055.CanFam31.realigned.bam
1E-09,1E-09,1E-09,0.113072413,0.886927584,Wang_GW3.CanFam31.realigned.bam,H_Europe_Wang_GW3.CanFam31.realigned.bam
0.054872976,1E-09,0.010535407,0.72413532,0.210456296,Chinese_CAN24.CanFam31.realigned.bam,F_CentralAsia_Chinese_CAN24.CanFam31.realigned.bam
0.047058295,0.000000001,0.014134239,0.672428492,0.266378973,Chinese_CAN30.CanFam31.realigned.bam,F_CentralAsia_Chinese_CAN30.CanFam31.realigned.bam
0.047312973,0.000000001,4.19663E-07,0.653154542,0.299532064,Wang_GW1.CanFam31.realigned.bam,F_CentralAsia_Wang_GW1.CanFam31.realigned.bam
0.076832669,0.000000001,0.005929288,0.660649695,0.256588348,Kyrgyzstan_SRR20326406.merge.CanFam31.bam,F_CentralAsia_Kyrgyzstan_SRR20326406.merge.CanFam31.bam
0.0578586,0.000000001,0.001229573,0.747890074,0.193021752,Kazakhstan_SRR20326405.CanFam31.bam,F_CentralAsia_Kazakhstan_SRR20326405.CanFam31.bam
0.33592013,0.001081464,0.008751453,0.192880072,0.461366881,norwegian_wolf,F_CentralAsia_AW012.CanFam31.realigned.bam
0.034868107,1E-09,1E-09,0.800701128,0.164430764,Russia_SRR20326404.merge.CanFam31.bam,F_CentralAsia_Russia_SRR20326404.merge.CanFam31.bam
0.024475661,1E-09,1E-09,0.813135654,0.162388683,Russia_SRR20326403.merge.CanFam31.bam,F_CentralAsia_Russia_SRR20326403.merge.CanFam31.bam
1E-09,1E-09,1E-09,0.999999996,1E-09,Russia_SRR20326401.CanFam31.bam,F_CentralAsia_Russia_SRR20326401.CanFam31.bam
1E-09,1E-09,1E-09,0.999999996,1E-09,Russia_SRR20326400.merge.CanFam31.bam,F_CentralAsia_Russia_SRR20326400.merge.CanFam31.bam
0.082441403,0.020030923,0.000000001,0.307444088,0.590083586,Russia_SRR20326388.merge.CanFam31.bam,F_CentralAsia_Russia_SRR20326388.merge.CanFam31.bam
0.159837239,1E-09,0.076028827,0.681021825,0.083112108,Tajikistan_SRR20326385.merge.CanFam31.bam,F_CentralAsia_Tajikistan_SRR20326385.merge.CanFam31.bam
0.160640522,1E-09,0.039178471,0.651891606,0.1482894,Tajikistan_SRR20326384.CanFam31.bam,F_CentralAsia_Tajikistan_SRR20326384.CanFam31.bam
0.181254344,1E-09,0.026328318,0.628094475,0.164322863,Tajikisan_SRR20326383.merge.CanFam31.bam,F_CentralAsia_Tajikisan_SRR20326383.merge.CanFam31.bam
0.160251134,1E-09,0.031282241,0.674972325,0.133494299,Tajikistan_SRR20326382.merge.CanFam31.bam,F_CentralAsia_Tajikistan_SRR20326382.merge.CanFam31.bam
0.142318417,1E-09,0.276658164,0.470365635,0.110657783,Tajikistan_SRR20326381.CanFam31.bam,F_CentralAsia_Tajikistan_SRR20326381.CanFam31.bam
0.163616586,1E-09,0.037249882,0.699575338,0.099558194,Tajikistan_SRR20326251.merge.CanFam31.bam,F_CentralAsia_Tajikistan_SRR20326251.merge.CanFam31.bam
0.131676237,1E-09,0.292199179,0.500729041,0.075395542,Tajikistan_SRR20326250.merge.CanFam31.bam,F_CentralAsia_Tajikistan_SRR20326250.merge.CanFam31.bam
0.053980896,1E-09,1E-09,0.387364482,0.55865462,750114-25D.CanFam31.realigned.bam,F_CentralAsia_750114-25D.CanFam31.realigned.bam
0.058509096,1E-09,1E-09,0.37065326,0.570837642,750119-30D.CanFam31.realigned.bam,F_CentralAsia_750119-30D.CanFam31.realigned.bam
0.03438653,1E-09,1E-09,0.175384452,0.790229016,750125-33D.CanFam31.realigned.bam,F_CentralAsia_750125-33D.CanFam31.realigned.bam
0.068578872,1E-09,1E-09,0.405285603,0.526135524,750117-28D.CanFam31.realigned.bam,F_CentralAsia_750117-28D.CanFam31.realigned.bam
0.018278797,1E-09,1E-09,0.348495165,0.633226036,750282-35D.CanFam31.realigned.bam,F_CentralAsia_750282-35D.CanFam31.realigned.bam
0.029839068,1E-09,1E-09,0.319259059,0.650901871,750016-17D.CanFam31.realigned.bam,F_CentralAsia_750016-17D.CanFam31.realigned.bam
0.067402049,1E-09,0.004745438,0.749689357,0.178163155,China_SRR20326486.merge.CanFam31.bam,F_CentralAsia_China_SRR20326486.merge.CanFam31.bam
0.069669177,1E-09,1E-09,0.742925088,0.187405733,China_SRR20326485.merge.CanFam31.bam,F_CentralAsia_China_SRR20326485.merge.CanFam31.bam
0.063148676,1E-09,1E-09,0.736038262,0.20081306,China_SRR20326484.merge.CanFam31.bam,F_CentralAsia_China_SRR20326484.merge.CanFam31.bam
0.053890215,0.000000001,0.003831329,0.658556817,0.283721637,China_SRR20326483.merge.CanFam31.bam,F_CentralAsia_China_SRR20326483.merge.CanFam31.bam
6.3365E-08,1E-09,1E-09,0.218529527,0.781470407,MW486.CanFam31.realigned.bam,F_CentralAsia_MW486.CanFam31.realigned.bam
1E-09,1E-09,0.004971555,0.995028442,1E-09,China_SRR20326491.merge.CanFam31.bam,G_EastAsia_China_SRR20326491.merge.CanFam31.bam
1E-09,1E-09,0.027016081,0.972983916,1E-09,MW574.CanFam31.realigned.bam,G_EastAsia_MW574.CanFam31.realigned.bam
1E-09,1E-09,1E-09,0.999999996,1E-09,Wang_GW4.CanFam31.realigned.bam,G_EastAsia_Wang_GW4.CanFam31.realigned.bam
1E-09,1E-09,0.004309237,0.99569076,1E-09,InnerMongoliaWolf.CanFam31.realigned.bam,G_EastAsia_InnerMongoliaWolf.CanFam31.realigned.bam
0.007749162,1E-09,0.010905001,0.869231945,0.112113891,MW588.CanFam31.realigned.bam,G_EastAsia_MW588.CanFam31.realigned.bam
0.03083047,1E-09,0.012730449,0.787191863,0.169247217,MW561.CanFam31.realigned.bam,G_EastAsia_MW561.CanFam31.realigned.bam
1E-09,1E-09,1E-09,0.945125447,0.05487455,MW524.CanFam31.realigned.bam,G_EastAsia_MW524.CanFam31.realigned.bam
1E-09,1E-09,1E-09,0.899182843,0.100817154,MW538.CanFam31.realigned.bam,G_EastAsia_MW538.CanFam31.realigned.bam
1E-09,1E-09,1E-09,1E-09,0.999999996,MW336.CanFam31.realigned.bam,H_Europe_MW336.CanFam31.realigned.bam
1E-09,1E-09,0.039084778,0.960915219,1E-09,Chinese_CAN7.CanFam31.realigned.bam,G_EastAsia_Chinese_CAN7.CanFam31.realigned.bam
1E-09,1E-09,0.020490311,0.979509686,1E-09,Chinese_CAN6.CanFam31.realigned.bam,G_EastAsia_Chinese_CAN6.CanFam31.realigned.bam
1E-09,1E-09,1E-09,0.913985826,0.086014171,Wang_GW2.CanFam31.realigned.bam,G_EastAsia_Wang_GW2.CanFam31.realigned.bam
1E-09,1E-09,0.040973787,0.95902621,1E-09,LiaoNingWolf.CanFam31.realigned.bam,G_EastAsia_LiaoNingWolf.CanFam31.realigned.bam
1E-09,1E-09,0.069301668,0.930698329,1E-09,Shanxi2Wolf.CanFam31.realigned.bam,G_EastAsia_Shanxi2Wolf.CanFam31.realigned.bam
1E-09,1E-09,0.070271325,0.929728672,1E-09,Shanxi1Wolf.CanFam31.realigned.bam,G_EastAsia_Shanxi1Wolf.CanFam31.realigned.bam
1E-09,0.089010914,1E-09,0.694178643,0.216810441,Ellesmere1.CanFam31.realigned.bam,I_NorthAmerica_Ellesmere1.CanFam31.realigned.bam
1E-09,0.088410641,1E-09,0.655954886,0.255634471,AlaskanWolf.CanFam31.realigned.bam,I_NorthAmerica_AlaskanWolf.CanFam31.realigned.bam
1E-09,0.155565823,1E-09,0.584383417,0.260050759,MexicanWolf.CanFam31.realigned.bam,I_NorthAmerica_MexicanWolf.CanFam31.realigned.bam
1E-09,0.999999996,1E-09,1E-09,1E-09,BerlinZoo.CanFam31.realigned.bam,A_A_Dhole_BerlinZoo.CanFam31.realigned.bam
1E-09,0.999999996,1E-09,1E-09,1E-09,Ethiopian_wolf_B3.CanFam31.realigned.bam,A_B_Ethiopianwolf_Ethiopian_wolf_B3.CanFam31.realigned.bam
1E-09,0.999999996,1E-09,1E-09,1E-09,Syrian_jackal.CanFam31.realigned.bam,A_C_GoldenJackal_Syrian_jackal.CanFam31.realigned.bam
1E-09,0.999999996,1E-09,1E-09,1E-09,KenyaJackal.CanFam31.realigned.bam,A_D_Africanwolf_KenyaJackal.CanFam31.realigned.bam
1E-09,0.999999996,1E-09,1E-09,1E-09,ERR4372262_Morocco_Africanwolf.CanFam31.bam,A_D_Africanwolf_ERR4372262_Morocco_Africanwolf.CanFam31.bam
1E-09,0.999999996,1E-09,1E-09,1E-09,CRR010907_Algeria_Africanwolf.CanFam31.bam,A_D_Africanwolf_CRR010907_Algeria_Africanwolf.CanFam31.bam
1E-09,0.999999996,1E-09,1E-09,1E-09,Africanwolf_SRR8049196.CanFam31.bam,A_D_Africanwolf_Africanwolf_SRR8049196.CanFam31.bam
1E-09,0.830095811,1E-09,0.169904186,1E-09,CaliforniaCoyote.CanFam31.realigned.bam,A_E_Coyote_CaliforniaCoyote.CanFam31.realigned.bam
1E-09,0.741297221,1E-09,0.187665192,0.071037586,SRR1518489_Coyote_Illinois.CanFam31.bam,A_E_Coyote_SRR1518489_Coyote_Illinois.CanFam31.bam
1E-09,0.024084236,0.052002866,1E-09,0.923912897,Beagle_SRR7107976.CanFam31.bam,Z_Dog_Beagle_SRR7107976.CanFam31.bam
1E-09,0.026515736,0.048387359,1E-09,0.925096903,Dauchound_SRR7107971.CanFam31.bam,Z_Dog_Dauchound_SRR7107971.CanFam31.bam
1E-09,0.012392667,0.046648177,1E-09,0.940959154,SRR7107875_Airdale.CanFam31.bam,Z_Dog_SRR7107875_Airdale.CanFam31.bam
0.000000001,0.041168735,0.074892063,0.068093999,0.815845202,SharPei02.CanFam31.realigned.bam,Z_Dog_SharPei02.CanFam31.realigned.bam
1E-09,1E-09,0.644777754,0.355222243,1E-09,China_Sichuan_again_SRR20326479.CanFam31.bam,E_Tibetan_Sichuan