A1,A2,A3,Sample,Names
0.325555221,0.000000001,0.674444778,Karakoram_S19_10678.CanFam31.bam,D_Pakistan_Karakoram_S19_10678.CanFam31.bam
0.389199174,1.00E-09,0.610800825,Karakoram_S19_10679.CanFam31.bam,D_Pakistan_Karakoram_S19_10679.CanFam31.bam
0.748715343,1E-09,0.251284656,DGKhan_S19_10680.CanFam31.bam,D_Pakistan_DGKhan_S19_10680.CanFam31.bam
0.622166448,1E-09,0.377833551,S21_1037_Kolhu.CanFam31.bam,D_Pakistan_S21_1037_Kolhu.CanFam31.bam
0.400171387,1E-09,0.599828612,S21_1038_Chitral.CanFam31.bam,D_Pakistan_S21_1038_Chitral.CanFam31.bam
0.580992264,1E-09,0.419007735,S21_1039_Punjab.CanFam31.bam,D_Pakistan_S21_1039_Punjab.CanFam31.bam
0.531411889,1E-09,0.46858811,S21_1041_Waziristan.CanFam31.bam,D_Pakistan_S21_1041_Waziristan.CanFam31.bam
0.424457464,1E-09,0.575542535,S21_1042_Chitral.CanFam31.bam,D_Pakistan_S21_1042_Chitral.CanFam31.bam
0.122905262,0.000000001,0.877094737,Kyrgyz_WLF179.CanFam31.bam,F_CentralAsia_Kyrgyz_WLF179.CanFam31.bam
0.124093929,0.000000001,0.87590607,Kyrgyz_WLF180.CanFam31.bam,F_CentralAsia_Kyrgyz_WLF180.CanFam31.bam
0.999999998,1E-09,1E-09,BH6_Indian_Wolf.CanFam31.realigned.bam,B_Indian_BH6_Indian_Wolf.CanFam31.realigned.bam
0.999999998,1E-09,1E-09,BH126_Indian_Wolf.CanFam31.realigned.bam,B_Indian_BH126_Indian_Wolf.CanFam31.realigned.bam
0.999999998,1E-09,1E-09,Indianwolf_SRR13985171.CanFam31.bam,B_Indian_Indianwolf_SRR13985171.CanFam31.bam
0.999999998,1E-09,1E-09,BH124_Indian_Wolf.CanFam31.realigned.bam,B_Indian_BH124_Indian_Wolf.CanFam31.realigned.bam
0.999999998,1E-09,1E-09,Indianwolf_BH123.merge.CanFam31.bam,B_Indian_Indianwolf_BH123.merge.CanFam31.bam
1E-09,0.042973972,0.957026027,MYL_Tibetan_SAMN12565073.CanFam31.bam,E_Tibetan_MYL_Tibetan_SAMN12565073.CanFam31.bam
0.282625942,0.006120722,0.711253336,BH1_Tibetan_Wolf.CanFam31.realigned.bam,E_Tibetan_BH1_Tibetan_Wolf.CanFam31.realigned.bam
0.202748867,0.02110968,0.776141453,BH4_Tibetan_Wolf.CanFam31.realigned.bam,E_Tibetan_BH4_Tibetan_Wolf.CanFam31.realigned.bam
1E-09,0.048144603,0.951855396,Chinese_CAN9A.CanFam31.realigned.bam,E_Tibetan_Chinese_CAN9A.CanFam31.realigned.bam
1E-09,0.023981597,0.976018402,Chinese_CAN11.CanFam31.realigned.bam,E_Tibetan_Chinese_CAN11.CanFam31.realigned.bam
1E-09,0.037782276,0.962217723,Chinese_CAN16.CanFam31.realigned.bam,E_Tibetan_Chinese_CAN16.CanFam31.realigned.bam
0.000000001,0.052713146,0.947286853,Chinese_CAN32.CanFam31.realigned.bam,E_Tibetan_Chinese_CAN32.CanFam31.realigned.bam
0.343602034,0.000000001,0.656397965,Iranwolf_SRR12009566.CanFam31.bam,C_WestAsia_Iranwolf_SRR12009566.CanFam31.bam
0.268148611,0.013228776,0.718622613,Iranwolf_SRR12009567.CanFam31.bam,C_WestAsia_Iranwolf_SRR12009567.CanFam31.bam
0.278077259,0.009997481,0.711925261,Iranwolf_SRR12009568.merge.CanFam31.bam,C_WestAsia_Iranwolf_SRR12009568.merge.CanFam31.bam
0.241515682,0.028197062,0.730287256,S21_2743_SaudiArabia.CanFam31.bam,C_WestAsia_S21_2743_SaudiArabia.CanFam31.bam
0.273828986,0.017996981,0.708174032,IranWolf.CanFam31.realigned.bam,C_WestAsia_IranWolf.CanFam31.realigned.bam
0.26782355,0.076387739,0.65578871,Saudi_wolf_B1.CanFam31.realigned.bam,C_WestAsia_Saudi_wolf_B1.CanFam31.realigned.bam
0.255992135,0.052936195,0.69107167,Syrian_wolf.CanFam31.realigned.bam,C_WestAsia_Syrian_wolf.CanFam31.realigned.bam
0.260753118,0.034556036,0.704690846,Lebanonwolf.CanFam31.bam,C_WestAsia_Lebanonwolf.CanFam31.bam
0.343796832,0.000000001,0.656203167,Iran_SAMC036723.CanFam31.bam,C_WestAsia_Iran_SAMC036723.CanFam31.bam
0.237673556,0.013117154,0.74920929,Iran_SRR20326411.merge.CanFam31.bam,C_WestAsia_Iran_SRR20326411.merge.CanFam31.bam
0.249144058,0.008802429,0.742053512,Iran_SRR20326410.merge.CanFam31.bam,C_WestAsia_Iran_SRR20326410.merge.CanFam31.bam
0.253049756,0.016335754,0.73061449,Iran_SRR20326408.merge.CanFam31.bam,C_WestAsia_Iran_SRR20326408.merge.CanFam31.bam
0.225864787,0.008745274,0.765389938,norwegian_wolf,C_WestAsia_MW387.CanFam31.realigned.bam
1E-09,1E-09,0.999999998,PortugueseWolf.CanFam31.realigned.bam,H_Europe_PortugueseWolf.CanFam31.realigned.bam
3.02903E-06,0.000000001,0.99999697,IberianWolf.CanFam31.realigned.bam,H_Europe_IberianWolf.CanFam31.realigned.bam
0.001396827,0.010129943,0.98847323,wSierraMorena.CanFam31.realigned.bam,H_Europe_wSierraMorena.CanFam31.realigned.bam
1E-09,1E-09,0.999999998,ItalianWolf_W050_SAMN02921313.CanFam31.realigned.bam,H_Europe_ItalianWolf_W050_SAMN02921313.CanFam31.realigned.bam
0.025407945,1E-09,0.974592054,MW005.CanFam31.realigned.bam,H_Europe_MW005.CanFam31.realigned.bam
0.027169743,1E-09,0.972830256,MW347.CanFam31.realigned.bam,H_Europe_MW347.CanFam31.realigned.bam
0.014535321,1E-09,0.985464678,MW020.CanFam31.realigned.bam,H_Europe_MW020.CanFam31.realigned.bam
0.001904642,1E-09,0.998095357,MW045.CanFam31.realigned.bam,H_Europe_MW045.CanFam31.realigned.bam
0.018202569,1E-09,0.98179743,MW062.CanFam31.realigned.bam,H_Europe_MW062.CanFam31.realigned.bam
1E-09,1E-09,0.999999998,MW515.CanFam31.realigned.bam,H_Europe_MW515.CanFam31.realigned.bam
0.021657162,1E-09,0.978342837,MW707A.CanFam31.realigned.bam,H_Europe_MW707A.CanFam31.realigned.bam
0.021494934,1E-09,0.978505065,MW703A.CanFam31.realigned.bam,H_Europe_MW703A.CanFam31.realigned.bam
0.025826917,1E-09,0.974173082,MW706A.CanFam31.realigned.bam,H_Europe_MW706A.CanFam31.realigned.bam
0.019552805,1E-09,0.980447194,MW1126.CanFam31.realigned.bam,H_Europe_MW1126.CanFam31.realigned.bam
0.022897782,1E-09,0.977102217,MW1135.CanFam31.realigned.bam,H_Europe_MW1135.CanFam31.realigned.bam
0.016957136,1E-09,0.983042863,MW339.CanFam31.realigned.bam,H_Europe_MW339.CanFam31.realigned.bam
0.004649949,1E-09,0.99535005,MW055.CanFam31.realigned.bam,H_Europe_MW055.CanFam31.realigned.bam
0.023063301,1E-09,0.976936698,Wang_GW3.CanFam31.realigned.bam,H_Europe_Wang_GW3.CanFam31.realigned.bam
0.060710103,0.000000001,0.939289896,Chinese_CAN24.CanFam31.realigned.bam,F_CentralAsia_Chinese_CAN24.CanFam31.realigned.bam
0.055774476,0.000000001,0.944225523,Chinese_CAN30.CanFam31.realigned.bam,F_CentralAsia_Chinese_CAN30.CanFam31.realigned.bam
0.056093646,0.000000001,0.943906353,Wang_GW1.CanFam31.realigned.bam,F_CentralAsia_Wang_GW1.CanFam31.realigned.bam
0.085163602,0.003912555,0.910923843,Kyrgyzstan_SRR20326406.merge.CanFam31.bam,F_CentralAsia_Kyrgyzstan_SRR20326406.merge.CanFam31.bam
0.06402395,0.00040887,0.935567181,Kazakhstan_SRR20326405.CanFam31.bam,F_CentralAsia_Kazakhstan_SRR20326405.CanFam31.bam
0.367008435,6.13539E-05,0.632930211,norwegian_wolf,F_CentralAsia_AW012.CanFam31.realigned.bam
0.040724562,1.00209E-07,0.959275338,Russia_SRR20326404.merge.CanFam31.bam,F_CentralAsia_Russia_SRR20326404.merge.CanFam31.bam
0.032419131,0.000000001,0.967580868,Russia_SRR20326403.merge.CanFam31.bam,F_CentralAsia_Russia_SRR20326403.merge.CanFam31.bam
1E-09,1E-09,0.999999998,Russia_SRR20326401.CanFam31.bam,F_CentralAsia_Russia_SRR20326401.CanFam31.bam
1E-09,0.006017611,0.993982388,Russia_SRR20326400.merge.CanFam31.bam,F_CentralAsia_Russia_SRR20326400.merge.CanFam31.bam
0.112152929,0.020018665,0.867828406,Russia_SRR20326388.merge.CanFam31.bam,F_CentralAsia_Russia_SRR20326388.merge.CanFam31.bam
0.158163551,1E-09,0.841836448,Tajikistan_SRR20326385.merge.CanFam31.bam,F_CentralAsia_Tajikistan_SRR20326385.merge.CanFam31.bam
0.163938587,1E-09,0.836061412,Tajikistan_SRR20326384.CanFam31.bam,F_CentralAsia_Tajikistan_SRR20326384.CanFam31.bam
0.186410838,1E-09,0.813589161,Tajikisan_SRR20326383.merge.CanFam31.bam,F_CentralAsia_Tajikisan_SRR20326383.merge.CanFam31.bam
0.163370618,1E-09,0.836629381,Tajikistan_SRR20326382.merge.CanFam31.bam,F_CentralAsia_Tajikistan_SRR20326382.merge.CanFam31.bam
0.136690699,0.005922347,0.857386954,Tajikistan_SRR20326381.CanFam31.bam,F_CentralAsia_Tajikistan_SRR20326381.CanFam31.bam
0.163821123,1E-09,0.836178876,Tajikistan_SRR20326251.merge.CanFam31.bam,F_CentralAsia_Tajikistan_SRR20326251.merge.CanFam31.bam
0.123660454,0.00890746,0.867432086,Tajikistan_SRR20326250.merge.CanFam31.bam,F_CentralAsia_Tajikistan_SRR20326250.merge.CanFam31.bam
0.074775658,1E-09,0.925224341,750114-25D.CanFam31.realigned.bam,F_CentralAsia_750114-25D.CanFam31.realigned.bam
0.080882056,1E-09,0.919117943,750119-30D.CanFam31.realigned.bam,F_CentralAsia_750119-30D.CanFam31.realigned.bam
0.059816084,1E-09,0.940183915,750125-33D.CanFam31.realigned.bam,F_CentralAsia_750125-33D.CanFam31.realigned.bam
0.087923194,0.000000001,0.912076805,750117-28D.CanFam31.realigned.bam,F_CentralAsia_750117-28D.CanFam31.realigned.bam
0.037327451,1E-09,0.962672548,750282-35D.CanFam31.realigned.bam,F_CentralAsia_750282-35D.CanFam31.realigned.bam
0.050185006,1E-09,0.949814993,750016-17D.CanFam31.realigned.bam,F_CentralAsia_750016-17D.CanFam31.realigned.bam
0.074443446,0.000000001,0.925556553,China_SRR20326486.merge.CanFam31.bam,F_CentralAsia_China_SRR20326486.merge.CanFam31.bam
0.076956903,0.000000001,0.923043096,China_SRR20326485.merge.CanFam31.bam,F_CentralAsia_China_SRR20326485.merge.CanFam31.bam
0.071098566,3.51023E-09,0.92890143,China_SRR20326484.merge.CanFam31.bam,F_CentralAsia_China_SRR20326484.merge.CanFam31.bam
0.064563102,0.001972776,0.933464122,China_SRR20326483.merge.CanFam31.bam,F_CentralAsia_China_SRR20326483.merge.CanFam31.bam
0.024279407,1E-09,0.975720592,MW486.CanFam31.realigned.bam,F_CentralAsia_MW486.CanFam31.realigned.bam
1E-09,0.001868068,0.998131931,China_SRR20326491.merge.CanFam31.bam,G_EastAsia_China_SRR20326491.merge.CanFam31.bam
0.000000001,0.000346586,0.999653413,MW574.CanFam31.realigned.bam,G_EastAsia_MW574.CanFam31.realigned.bam
1E-09,1E-09,0.999999998,Wang_GW4.CanFam31.realigned.bam,G_EastAsia_Wang_GW4.CanFam31.realigned.bam
1E-09,0.000210287,0.999789712,InnerMongoliaWolf.CanFam31.realigned.bam,G_EastAsia_InnerMongoliaWolf.CanFam31.realigned.bam
0.016682078,2.14159E-07,0.983317708,MW588.CanFam31.realigned.bam,G_EastAsia_MW588.CanFam31.realigned.bam
0.036236572,0.000000001,0.963763427,MW561.CanFam31.realigned.bam,G_EastAsia_MW561.CanFam31.realigned.bam
0.000000001,2.05424E-07,0.999999794,MW524.CanFam31.realigned.bam,G_EastAsia_MW524.CanFam31.realigned.bam
1E-09,1E-09,0.999999998,MW538.CanFam31.realigned.bam,G_EastAsia_MW538.CanFam31.realigned.bam
0.016736063,1E-09,0.983263936,MW336.CanFam31.realigned.bam,H_Europe_MW336.CanFam31.realigned.bam
1E-09,0.003221063,0.996778936,Chinese_CAN7.CanFam31.realigned.bam,G_EastAsia_Chinese_CAN7.CanFam31.realigned.bam
1E-09,4.33032E-05,0.999956696,Chinese_CAN6.CanFam31.realigned.bam,G_EastAsia_Chinese_CAN6.CanFam31.realigned.bam
1E-09,1E-09,0.999999998,Wang_GW2.CanFam31.realigned.bam,G_EastAsia_Wang_GW2.CanFam31.realigned.bam
1E-09,0.00758395,0.992416049,LiaoNingWolf.CanFam31.realigned.bam,G_EastAsia_LiaoNingWolf.CanFam31.realigned.bam
1E-09,1.30834E-06,0.999998691,Shanxi2Wolf.CanFam31.realigned.bam,G_EastAsia_Shanxi2Wolf.CanFam31.realigned.bam
1E-09,0.004197735,0.995802264,Shanxi1Wolf.CanFam31.realigned.bam,G_EastAsia_Shanxi1Wolf.CanFam31.realigned.bam
1E-09,0.097684117,0.902315882,Ellesmere1.CanFam31.realigned.bam,I_NorthAmerica_Ellesmere1.CanFam31.realigned.bam
1E-09,0.095666184,0.904333815,AlaskanWolf.CanFam31.realigned.bam,I_NorthAmerica_AlaskanWolf.CanFam31.realigned.bam
1E-09,0.164999796,0.835000203,MexicanWolf.CanFam31.realigned.bam,I_NorthAmerica_MexicanWolf.CanFam31.realigned.bam
1E-09,0.999999998,1E-09,BerlinZoo.CanFam31.realigned.bam,A_A_Dhole_BerlinZoo.CanFam31.realigned.bam
1E-09,0.999999998,1E-09,Ethiopian_wolf_B3.CanFam31.realigned.bam,A_B_Ethiopianwolf_Ethiopian_wolf_B3.CanFam31.realigned.bam
1E-09,0.999999998,1E-09,Syrian_jackal.CanFam31.realigned.bam,A_C_GoldenJackal_Syrian_jackal.CanFam31.realigned.bam
1E-09,0.999999998,1E-09,KenyaJackal.CanFam31.realigned.bam,A_D_Africanwolf_KenyaJackal.CanFam31.realigned.bam
1E-09,0.999999998,1E-09,ERR4372262_Morocco_Africanwolf.CanFam31.bam,A_D_Africanwolf_ERR4372262_Morocco_Africanwolf.CanFam31.bam
1E-09,0.999999998,1E-09,CRR010907_Algeria_Africanwolf.CanFam31.bam,A_D_Africanwolf_CRR010907_Algeria_Africanwolf.CanFam31.bam
1E-09,0.999999998,1E-09,Africanwolf_SRR8049196.CanFam31.bam,A_D_Africanwolf_Africanwolf_SRR8049196.CanFam31.bam
1E-09,0.854117764,0.145882235,CaliforniaCoyote.CanFam31.realigned.bam,A_E_Coyote_CaliforniaCoyote.CanFam31.realigned.bam
1E-09,0.75124224,0.248757759,SRR1518489_Coyote_Illinois.CanFam31.bam,A_E_Coyote_SRR1518489_Coyote_Illinois.CanFam31.bam
0.016820881,0.051126874,0.932052244,Beagle_SRR7107976.CanFam31.bam,Z_Dog_Beagle_SRR7107976.CanFam31.bam
0.021699698,0.053791103,0.924509199,Dauchound_SRR7107971.CanFam31.bam,Z_Dog_Dauchound_SRR7107971.CanFam31.bam
0.017177164,0.04632594,0.936496896,SRR7107875_Airdale.CanFam31.bam,Z_Dog_SRR7107875_Airdale.CanFam31.bam
0.014786103,0.052254929,0.932958968,SharPei02.CanFam31.realigned.bam,Z_Dog_SharPei02.CanFam31.realigned.bam
1E-09,0.030911129,0.96908887,China_Sichuan_again_SRR20326479.CanFam31.bam,E_Tibetan_Sichuan