A1,A2,A3,A4,A5,A6,A7,Sample,Names
0.206153853,0.138704544,0.385511767,1E-09,0.085978166,0.180838534,0.002813135,Karakoram_S19_10678.CanFam31.bam,D_Pakistan_Karakoram_S19_10678.CanFam31.bam
0.243150319,0.047588563,0.440276798,1E-09,0.081583412,0.187400905,1E-09,Karakoram_S19_10679.CanFam31.bam,D_Pakistan_Karakoram_S19_10679.CanFam31.bam
0.596039558,1E-09,0.403960437,1E-09,1E-09,1E-09,1E-09,DGKhan_S19_10680.CanFam31.bam,D_Pakistan_DGKhan_S19_10680.CanFam31.bam
0.468859006,1E-09,0.447270086,1E-09,0.058535023,0.025335882,1E-09,S21_1037_Kolhu.CanFam31.bam,D_Pakistan_S21_1037_Kolhu.CanFam31.bam
0.254428035,0.02959247,0.438207056,1E-09,0.09273576,0.185036677,1E-09,S21_1038_Chitral.CanFam31.bam,D_Pakistan_S21_1038_Chitral.CanFam31.bam
0.425284431,1E-09,0.450372558,1E-09,0.066506482,0.057836525,1E-09,S21_1039_Punjab.CanFam31.bam,D_Pakistan_S21_1039_Punjab.CanFam31.bam
0.375979704,1E-09,0.452573113,1E-09,0.083731245,0.084188034,0.003527902,S21_1041_Waziristan.CanFam31.bam,D_Pakistan_S21_1041_Waziristan.CanFam31.bam
0.269011342,0.015464963,0.460043843,1E-09,0.084816995,0.170662854,1E-09,S21_1042_Chitral.CanFam31.bam,D_Pakistan_S21_1042_Chitral.CanFam31.bam
0.045664889,0.013423296,0.273775329,1E-09,0.110128724,0.55700776,1E-09,Kyrgyz_WLF179.CanFam31.bam,F_CentralAsia_Kyrgyz_WLF179.CanFam31.bam
0.04468223,0.006352497,0.279662846,1E-09,0.113723487,0.555578939,1E-09,Kyrgyz_WLF180.CanFam31.bam,F_CentralAsia_Kyrgyz_WLF180.CanFam31.bam
0.999999994,1E-09,1E-09,1E-09,1E-09,1E-09,1E-09,BH6_Indian_Wolf.CanFam31.realigned.bam,B_Indian_BH6_Indian_Wolf.CanFam31.realigned.bam
0.999999994,1E-09,1E-09,1E-09,1E-09,1E-09,1E-09,BH126_Indian_Wolf.CanFam31.realigned.bam,B_Indian_BH126_Indian_Wolf.CanFam31.realigned.bam
0.999999994,1E-09,1E-09,1E-09,1E-09,1E-09,1E-09,Indianwolf_SRR13985171.CanFam31.bam,B_Indian_Indianwolf_SRR13985171.CanFam31.bam
0.999999994,1E-09,1E-09,1E-09,1E-09,1E-09,1E-09,BH124_Indian_Wolf.CanFam31.realigned.bam,B_Indian_BH124_Indian_Wolf.CanFam31.realigned.bam
0.999999994,1E-09,1E-09,1E-09,1E-09,1E-09,1E-09,Indianwolf_BH123.merge.CanFam31.bam,B_Indian_Indianwolf_BH123.merge.CanFam31.bam
1E-09,0.933356117,1E-09,1E-09,1E-09,0.066643878,1E-09,MYL_Tibetan_SAMN12565073.CanFam31.bam,E_Tibetan_MYL_Tibetan_SAMN12565073.CanFam31.bam
0.222317791,0.426332577,0.233264074,1E-09,0.051594744,1E-09,0.066490811,BH1_Tibetan_Wolf.CanFam31.realigned.bam,E_Tibetan_BH1_Tibetan_Wolf.CanFam31.realigned.bam
0.176245787,0.633918716,0.126975353,1E-09,1E-09,1E-09,0.06286014,BH4_Tibetan_Wolf.CanFam31.realigned.bam,E_Tibetan_BH4_Tibetan_Wolf.CanFam31.realigned.bam
1E-09,0.999999994,1E-09,1E-09,1E-09,1E-09,1E-09,Chinese_CAN9A.CanFam31.realigned.bam,E_Tibetan_Chinese_CAN9A.CanFam31.realigned.bam
1E-09,0.783792073,1E-09,1E-09,1E-09,0.216207922,1E-09,Chinese_CAN11.CanFam31.realigned.bam,E_Tibetan_Chinese_CAN11.CanFam31.realigned.bam
1E-09,0.999999994,1E-09,1E-09,1E-09,1E-09,1E-09,Chinese_CAN16.CanFam31.realigned.bam,E_Tibetan_Chinese_CAN16.CanFam31.realigned.bam
1E-09,0.999999994,1E-09,1E-09,1E-09,1E-09,1E-09,Chinese_CAN32.CanFam31.realigned.bam,E_Tibetan_Chinese_CAN32.CanFam31.realigned.bam
1E-09,1E-09,0.999999994,1E-09,1E-09,1E-09,1E-09,Iranwolf_SRR12009566.CanFam31.bam,C_WestAsia_Iranwolf_SRR12009566.CanFam31.bam
1E-09,1E-09,0.999235987,1E-09,1E-09,1E-09,0.000764008,Iranwolf_SRR12009567.CanFam31.bam,C_WestAsia_Iranwolf_SRR12009567.CanFam31.bam
0.002813557,1E-09,0.997186438,1E-09,1E-09,1E-09,1E-09,Iranwolf_SRR12009568.merge.CanFam31.bam,C_WestAsia_Iranwolf_SRR12009568.merge.CanFam31.bam
1E-09,1E-09,0.824687244,1E-09,0.067828743,1E-09,0.107484009,S21_2743_SaudiArabia.CanFam31.bam,C_WestAsia_S21_2743_SaudiArabia.CanFam31.bam
0.020465648,1E-09,0.979534191,1E-09,1.56381E-07,1E-09,1E-09,IranWolf.CanFam31.realigned.bam,C_WestAsia_IranWolf.CanFam31.realigned.bam
1E-09,1E-09,0.909734154,0.028904173,1E-09,1E-09,0.061361669,Saudi_wolf_B1.CanFam31.realigned.bam,C_WestAsia_Saudi_wolf_B1.CanFam31.realigned.bam
1E-09,1E-09,0.920274153,0.008504133,1E-09,1E-09,0.07122171,Syrian_wolf.CanFam31.realigned.bam,C_WestAsia_Syrian_wolf.CanFam31.realigned.bam
0.007698732,1E-09,0.8752746,1E-09,0.073934977,1E-09,0.043091688,Lebanonwolf.CanFam31.bam,C_WestAsia_Lebanonwolf.CanFam31.bam
1E-09,1E-09,0.999999994,1E-09,1E-09,1E-09,1E-09,Iran_SAMC036723.CanFam31.bam,C_WestAsia_Iran_SAMC036723.CanFam31.bam
1E-09,1E-09,0.91734502,1E-09,0.0491371,0.033517876,1E-09,Iran_SRR20326411.merge.CanFam31.bam,C_WestAsia_Iran_SRR20326411.merge.CanFam31.bam
1E-09,1E-09,0.989528385,1E-09,1E-09,1E-09,0.01047161,Iran_SRR20326410.merge.CanFam31.bam,C_WestAsia_Iran_SRR20326410.merge.CanFam31.bam
1E-09,1E-09,0.999999994,1E-09,1E-09,1E-09,1E-09,Iran_SRR20326408.merge.CanFam31.bam,C_WestAsia_Iran_SRR20326408.merge.CanFam31.bam
0.021089093,1E-09,0.723122049,1E-09,0.238789024,0.004033465,0.012966367,norwegian_wolf,C_WestAsia_MW387.CanFam31.realigned.bam
1E-09,1E-09,1E-09,1E-09,0.999999994,1E-09,1E-09,PortugueseWolf.CanFam31.realigned.bam,H_Europe_PortugueseWolf.CanFam31.realigned.bam
1E-09,1E-09,1E-09,1E-09,0.858005978,1E-09,0.141994017,IberianWolf.CanFam31.realigned.bam,H_Europe_IberianWolf.CanFam31.realigned.bam
1E-09,1E-09,1E-09,1E-09,0.637263152,1E-09,0.362736843,wSierraMorena.CanFam31.realigned.bam,H_Europe_wSierraMorena.CanFam31.realigned.bam
1E-09,1E-09,1E-09,1E-09,0.999999994,1E-09,1E-09,ItalianWolf_W050_SAMN02921313.CanFam31.realigned.bam,H_Europe_ItalianWolf_W050_SAMN02921313.CanFam31.realigned.bam
1E-09,1E-09,1E-09,1E-09,0.999999994,1E-09,1E-09,MW005.CanFam31.realigned.bam,H_Europe_MW005.CanFam31.realigned.bam
1E-09,1E-09,1E-09,1E-09,0.98167225,0.018327745,1E-09,MW347.CanFam31.realigned.bam,H_Europe_MW347.CanFam31.realigned.bam
1E-09,1E-09,1E-09,1E-09,0.987836705,1E-09,0.01216329,MW020.CanFam31.realigned.bam,H_Europe_MW020.CanFam31.realigned.bam
1E-09,1E-09,1E-09,1E-09,0.999999994,1E-09,1E-09,MW045.CanFam31.realigned.bam,H_Europe_MW045.CanFam31.realigned.bam
1E-09,1E-09,1E-09,1E-09,0.999999994,1E-09,1E-09,MW062.CanFam31.realigned.bam,H_Europe_MW062.CanFam31.realigned.bam
1E-09,1E-09,1E-09,1E-09,0.999999994,1E-09,1E-09,MW515.CanFam31.realigned.bam,H_Europe_MW515.CanFam31.realigned.bam
1E-09,1E-09,1E-09,1E-09,0.999999994,1E-09,1E-09,MW707A.CanFam31.realigned.bam,H_Europe_MW707A.CanFam31.realigned.bam
1E-09,1E-09,1E-09,1E-09,0.999999994,1E-09,1E-09,MW703A.CanFam31.realigned.bam,H_Europe_MW703A.CanFam31.realigned.bam
1E-09,1E-09,1E-09,1E-09,0.999999994,1E-09,1E-09,MW706A.CanFam31.realigned.bam,H_Europe_MW706A.CanFam31.realigned.bam
1E-09,1E-09,1E-09,1E-09,0.87974579,1E-09,0.120254205,MW1126.CanFam31.realigned.bam,H_Europe_MW1126.CanFam31.realigned.bam
1E-09,1E-09,1E-09,1E-09,0.977217731,1E-09,0.022782264,MW1135.CanFam31.realigned.bam,H_Europe_MW1135.CanFam31.realigned.bam
1E-09,1E-09,1E-09,1E-09,0.999999994,1E-09,1E-09,MW339.CanFam31.realigned.bam,H_Europe_MW339.CanFam31.realigned.bam
1E-09,1E-09,1E-09,1E-09,0.999999994,1E-09,1E-09,MW055.CanFam31.realigned.bam,H_Europe_MW055.CanFam31.realigned.bam
1E-09,1E-09,1E-09,1E-09,0.896700113,0.071097302,0.032202581,Wang_GW3.CanFam31.realigned.bam,H_Europe_Wang_GW3.CanFam31.realigned.bam
0.025254796,0.011663731,0.136952043,1E-09,0.15193859,0.674190838,1E-09,Chinese_CAN24.CanFam31.realigned.bam,F_CentralAsia_Chinese_CAN24.CanFam31.realigned.bam
0.014237557,0.015643657,0.155893672,1E-09,0.194357876,0.619867236,1E-09,Chinese_CAN30.CanFam31.realigned.bam,F_CentralAsia_Chinese_CAN30.CanFam31.realigned.bam
0.024078201,1E-09,0.113811316,1E-09,0.220712835,0.613165036,0.02823261,Wang_GW1.CanFam31.realigned.bam,F_CentralAsia_Wang_GW1.CanFam31.realigned.bam
0.032019085,0.007920251,0.20832547,0.000000001,0.129483295,0.591735836,0.030516062,Kyrgyzstan_SRR20326406.merge.CanFam31.bam,F_CentralAsia_Kyrgyzstan_SRR20326406.merge.CanFam31.bam
0.022728264,0.00537978,0.16274046,1E-09,0.135257891,0.673893603,1E-09,Kazakhstan_SRR20326405.CanFam31.bam,F_CentralAsia_Kazakhstan_SRR20326405.CanFam31.bam
0.2147373,0.009452138,0.473059636,0.000000001,0.129388201,0.154522456,0.018840268,norwegian_wolf,F_CentralAsia_AW012.CanFam31.realigned.bam
0.007581858,1E-09,0.124396704,1E-09,0.127474724,0.740546711,1E-09,Russia_SRR20326404.merge.CanFam31.bam,F_CentralAsia_Russia_SRR20326404.merge.CanFam31.bam
0.00113387,1E-09,0.107075821,1E-09,0.136504292,0.755286014,1E-09,Russia_SRR20326403.merge.CanFam31.bam,F_CentralAsia_Russia_SRR20326403.merge.CanFam31.bam
1E-09,1E-09,1E-09,1E-09,0.033494301,0.966505694,1E-09,Russia_SRR20326401.CanFam31.bam,F_CentralAsia_Russia_SRR20326401.CanFam31.bam
1E-09,1E-09,1E-09,1E-09,1E-09,0.999999994,1E-09,Russia_SRR20326400.merge.CanFam31.bam,F_CentralAsia_Russia_SRR20326400.merge.CanFam31.bam
0.007133714,0.000000001,0.381060219,0.013781673,0.3064717,0.24931059,0.042242103,Russia_SRR20326388.merge.CanFam31.bam,F_CentralAsia_Russia_SRR20326388.merge.CanFam31.bam
0.05265746,0.090041368,0.377729483,1E-09,1E-09,0.479571686,1E-09,Tajikistan_SRR20326385.merge.CanFam31.bam,F_CentralAsia_Tajikistan_SRR20326385.merge.CanFam31.bam
0.055816499,0.050323776,0.398601168,1E-09,1E-09,0.495258554,1E-09,Tajikistan_SRR20326384.CanFam31.bam,F_CentralAsia_Tajikistan_SRR20326384.CanFam31.bam
0.074140663,0.036600292,0.406925596,1E-09,1E-09,0.482333446,1E-09,Tajikisan_SRR20326383.merge.CanFam31.bam,F_CentralAsia_Tajikisan_SRR20326383.merge.CanFam31.bam
0.058974792,0.04181885,0.382962547,1E-09,1E-09,0.516243809,1E-09,Tajikistan_SRR20326382.merge.CanFam31.bam,F_CentralAsia_Tajikistan_SRR20326382.merge.CanFam31.bam
0.058413671,0.284974175,0.312268548,1E-09,1E-09,0.344343603,1E-09,Tajikistan_SRR20326381.CanFam31.bam,F_CentralAsia_Tajikistan_SRR20326381.CanFam31.bam
0.050849075,0.051730856,0.401882446,1E-09,1E-09,0.495537619,1E-09,Tajikistan_SRR20326251.merge.CanFam31.bam,F_CentralAsia_Tajikistan_SRR20326251.merge.CanFam31.bam
0.047069088,0.300283491,0.302387568,1E-09,1E-09,0.350259849,1E-09,Tajikistan_SRR20326250.merge.CanFam31.bam,F_CentralAsia_Tajikistan_SRR20326250.merge.CanFam31.bam
0.017060935,1E-09,0.189788177,1E-09,0.450189216,0.34296167,1E-09,750114-25D.CanFam31.realigned.bam,F_CentralAsia_750114-25D.CanFam31.realigned.bam
0.016941763,1E-09,0.206107297,1E-09,0.455396506,0.321554431,1E-09,750119-30D.CanFam31.realigned.bam,F_CentralAsia_750119-30D.CanFam31.realigned.bam
0.009081043,1E-09,0.138526817,1E-09,0.689235433,0.142112142,0.021044563,750125-33D.CanFam31.realigned.bam,F_CentralAsia_750125-33D.CanFam31.realigned.bam
0.029255029,1E-09,0.193901191,1E-09,0.416256926,0.360586851,1E-09,750117-28D.CanFam31.realigned.bam,F_CentralAsia_750117-28D.CanFam31.realigned.bam
0.001943317,1E-09,0.078286327,1E-09,0.613462222,0.306308131,1E-09,750282-35D.CanFam31.realigned.bam,F_CentralAsia_750282-35D.CanFam31.realigned.bam
0.014084571,1E-09,0.088433842,1E-09,0.614073037,0.281277899,0.002130649,750016-17D.CanFam31.realigned.bam,F_CentralAsia_750016-17D.CanFam31.realigned.bam
0.020822075,0.009699374,0.204020117,1E-09,0.094329157,0.671129275,1E-09,China_SRR20326486.merge.CanFam31.bam,F_CentralAsia_China_SRR20326486.merge.CanFam31.bam
0.023358187,0.003127849,0.205636521,1E-09,0.106174634,0.661702808,1E-09,China_SRR20326485.merge.CanFam31.bam,F_CentralAsia_China_SRR20326485.merge.CanFam31.bam
0.019889178,0.001617388,0.198872897,1E-09,0.121225405,0.658395131,1E-09,China_SRR20326484.merge.CanFam31.bam,F_CentralAsia_China_SRR20326484.merge.CanFam31.bam
0.011968945,0.005446653,0.197457118,0.000000001,0.167648749,0.595253808,0.022224726,China_SRR20326483.merge.CanFam31.bam,F_CentralAsia_China_SRR20326483.merge.CanFam31.bam
1E-09,1E-09,1E-09,1E-09,0.822018304,0.177981691,1E-09,MW486.CanFam31.realigned.bam,F_CentralAsia_MW486.CanFam31.realigned.bam
1E-09,1E-09,1E-09,1E-09,1E-09,0.999999994,1E-09,China_SRR20326491.merge.CanFam31.bam,G_EastAsia_China_SRR20326491.merge.CanFam31.bam
1E-09,0.019841508,1E-09,1E-09,0.010540485,0.946132749,0.023485254,MW574.CanFam31.realigned.bam,G_EastAsia_MW574.CanFam31.realigned.bam
1E-09,1E-09,1E-09,1E-09,1E-09,0.999999994,1E-09,Wang_GW4.CanFam31.realigned.bam,G_EastAsia_Wang_GW4.CanFam31.realigned.bam
1E-09,1E-09,1E-09,1E-09,1E-09,0.992216282,0.007783713,InnerMongoliaWolf.CanFam31.realigned.bam,G_EastAsia_InnerMongoliaWolf.CanFam31.realigned.bam
8.08319E-06,0.00606068,0.036600619,1E-09,0.097300612,0.842075754,0.017954251,MW588.CanFam31.realigned.bam,G_EastAsia_MW588.CanFam31.realigned.bam
0.016272669,0.009379952,0.06940004,1E-09,0.131830329,0.756788009,0.016329,MW561.CanFam31.realigned.bam,G_EastAsia_MW561.CanFam31.realigned.bam
1E-09,1E-09,1E-09,1E-09,0.084444437,0.906224044,0.009331515,MW524.CanFam31.realigned.bam,G_EastAsia_MW524.CanFam31.realigned.bam
1E-09,1E-09,1E-09,1E-09,0.130254089,0.869745906,1E-09,MW538.CanFam31.realigned.bam,G_EastAsia_MW538.CanFam31.realigned.bam
1E-09,1E-09,1E-09,1E-09,0.999999994,1E-09,1E-09,MW336.CanFam31.realigned.bam,H_Europe_MW336.CanFam31.realigned.bam
1E-09,0.030326899,1E-09,1E-09,1E-09,0.965247201,0.004425896,Chinese_CAN7.CanFam31.realigned.bam,G_EastAsia_Chinese_CAN7.CanFam31.realigned.bam
1E-09,0.010259275,1E-09,1E-09,1E-09,0.98974072,1E-09,Chinese_CAN6.CanFam31.realigned.bam,G_EastAsia_Chinese_CAN6.CanFam31.realigned.bam
1E-09,1E-09,1E-09,1E-09,0.08479203,0.882237088,0.032970878,Wang_GW2.CanFam31.realigned.bam,G_EastAsia_Wang_GW2.CanFam31.realigned.bam
1E-09,0.029902997,1E-09,1E-09,1E-09,0.926939319,0.043157679,LiaoNingWolf.CanFam31.realigned.bam,G_EastAsia_LiaoNingWolf.CanFam31.realigned.bam
1E-09,0.048868855,1E-09,1E-09,1E-09,0.903889089,0.047242051,Shanxi2Wolf.CanFam31.realigned.bam,G_EastAsia_Shanxi2Wolf.CanFam31.realigned.bam
1E-09,0.05720528,1E-09,1E-09,1E-09,0.940243713,0.002551004,Shanxi1Wolf.CanFam31.realigned.bam,G_EastAsia_Shanxi1Wolf.CanFam31.realigned.bam
1E-09,1E-09,1E-09,0.084598667,0.148173623,0.69166817,0.075559537,Ellesmere1.CanFam31.realigned.bam,I_NorthAmerica_Ellesmere1.CanFam31.realigned.bam
1E-09,1E-09,1E-09,0.084390241,0.17842657,0.652705914,0.084477271,AlaskanWolf.CanFam31.realigned.bam,I_NorthAmerica_AlaskanWolf.CanFam31.realigned.bam
1E-09,1E-09,1E-09,0.14775891,0.120967327,0.597677451,0.133596309,MexicanWolf.CanFam31.realigned.bam,I_NorthAmerica_MexicanWolf.CanFam31.realigned.bam
1E-09,1E-09,1E-09,0.999999994,1E-09,1E-09,1E-09,BerlinZoo.CanFam31.realigned.bam,A_A_Dhole_BerlinZoo.CanFam31.realigned.bam
1E-09,1E-09,1E-09,0.999999994,1E-09,1E-09,1E-09,Ethiopian_wolf_B3.CanFam31.realigned.bam,A_B_Ethiopianwolf_Ethiopian_wolf_B3.CanFam31.realigned.bam
1E-09,1E-09,1E-09,0.999999994,1E-09,1E-09,1E-09,Syrian_jackal.CanFam31.realigned.bam,A_C_GoldenJackal_Syrian_jackal.CanFam31.realigned.bam
1E-09,1E-09,1E-09,0.999999994,1E-09,1E-09,1E-09,KenyaJackal.CanFam31.realigned.bam,A_D_Africanwolf_KenyaJackal.CanFam31.realigned.bam
1E-09,1E-09,1E-09,0.999999994,1E-09,1E-09,1E-09,ERR4372262_Morocco_Africanwolf.CanFam31.bam,A_D_Africanwolf_ERR4372262_Morocco_Africanwolf.CanFam31.bam
1E-09,1E-09,1E-09,0.968974061,1E-09,1E-09,0.031025934,CRR010907_Algeria_Africanwolf.CanFam31.bam,A_D_Africanwolf_CRR010907_Algeria_Africanwolf.CanFam31.bam
1E-09,1E-09,1E-09,0.999999994,1E-09,1E-09,1E-09,Africanwolf_SRR8049196.CanFam31.bam,A_D_Africanwolf_Africanwolf_SRR8049196.CanFam31.bam
1E-09,1E-09,1E-09,0.824164727,1E-09,0.175835268,1E-09,CaliforniaCoyote.CanFam31.realigned.bam,A_E_Coyote_CaliforniaCoyote.CanFam31.realigned.bam
1E-09,1E-09,1E-09,0.728448284,1E-09,0.173100708,0.098451004,SRR1518489_Coyote_Illinois.CanFam31.bam,A_E_Coyote_SRR1518489_Coyote_Illinois.CanFam31.bam
1E-09,1E-09,1E-09,1E-09,1E-09,1E-09,0.999999994,Beagle_SRR7107976.CanFam31.bam,Z_Dog_Beagle_SRR7107976.CanFam31.bam
1E-09,1E-09,1E-09,1E-09,1E-09,1E-09,0.999999994,Dauchound_SRR7107971.CanFam31.bam,Z_Dog_Dauchound_SRR7107971.CanFam31.bam
1E-09,1E-09,1E-09,1E-09,1E-09,1E-09,0.999999994,SRR7107875_Airdale.CanFam31.bam,Z_Dog_SRR7107875_Airdale.CanFam31.bam
1E-09,1E-09,1E-09,1E-09,1E-09,1E-09,0.999999994,SharPei02.CanFam31.realigned.bam,Z_Dog_SharPei02.CanFam31.realigned.bam
1E-09,0.622108529,1E-09,1E-09,1E-09,0.310046733,0.067844734,China_Sichuan_again_SRR20326479.CanFam31.bam,E_Tibetan_Sichuan