A1,A2,A3,A4,Population
0.357191326,0.13877252,0.300977591,0.203058562,D_Pakistan_Karakoram_S19_10678.CanFam31.bam
0.39320964,0.045590269,0.352018123,0.209181968,D_Pakistan_Karakoram_S19_10679.CanFam31.bam
0.294817261,1E-09,0.705182737,1E-09,D_Pakistan_DGKhan_S19_10680.CanFam31.bam
0.38232931,1E-09,0.582812954,0.034857734,D_Pakistan_S21_1037_Kolhu.CanFam31.bam
0.405784663,0.028385324,0.362972686,0.202857326,D_Pakistan_S21_1038_Chitral.CanFam31.bam
0.393937784,1E-09,0.538589067,0.067473148,D_Pakistan_S21_1039_Punjab.CanFam31.bam
0.417050159,0.000000001,0.490076908,0.092872932,D_Pakistan_S21_1041_Waziristan.CanFam31.bam
0.41053048,0.012569729,0.384862882,0.19203691,D_Pakistan_S21_1042_Chitral.CanFam31.bam
0.292846229,0.00734536,0.10368736,0.596121052,F_CentralAsiaKyrgyz_WLF179.CanFam31.bam
0.304460342,0.000403276,0.104068822,0.591067559,F_CentralAsiaKyrgyz_WLF180.CanFam31.bam
1E-09,1E-09,0.999999997,1E-09,B_IndianBH6_Indian_Wolf.CanFam31.realigned.bam
1E-09,1E-09,0.999999997,1E-09,B_IndianBH126_Indian_Wolf.CanFam31.realigned.bam
1E-09,1E-09,0.999999997,1E-09,B_IndianIndianwolf_SRR13985171.CanFam31.bam
1E-09,1E-09,0.999999997,1E-09,B_IndianBH124_Indian_Wolf.CanFam31.realigned.bam
1E-09,1E-09,0.999999997,1E-09,B_IndianIndianwolf_BH123.merge.CanFam31.bam
1E-09,0.999884742,1E-09,0.000115256,E_TibetanMYL_Tibetan_SAMN12565073.CanFam31.bam
0.27467894,0.439960696,0.285360363,0.000000001,E_TibetanBH1_Tibetan_Wolf.CanFam31.realigned.bam
0.125309239,0.654817446,0.219873315,1E-09,E_TibetanBH4_Tibetan_Wolf.CanFam31.realigned.bam
1E-09,0.999999997,1E-09,1E-09,E_TibetanChinese_CAN9A.CanFam31.realigned.bam
1E-09,0.796301882,1E-09,0.203698116,E_TibetanChinese_CAN11.CanFam31.realigned.bam
1E-09,0.999999997,1E-09,1E-09,E_TibetanChinese_CAN16.CanFam31.realigned.bam
1E-09,0.999999997,1E-09,1E-09,E_TibetanChinese_CAN32.CanFam31.realigned.bam
0.781812873,1E-09,0.218187125,1E-09,C_WestAsiaIranwolf_SRR12009566.CanFam31.bam
0.813530733,1E-09,0.186469265,1E-09,C_WestAsiaIranwolf_SRR12009567.CanFam31.bam
0.794245428,0.000000001,0.20575093,3.64053E-06,C_WestAsiaIranwolf_SRR12009568.merge.CanFam31.bam
0.821790128,1E-09,0.17820987,1E-09,C_WestAsiaS21_2743_SaudiArabia.CanFam31.bam
0.730499997,0.010023151,0.203979657,0.055497195,C_WestAsiaIranWolf.CanFam31.realigned.bam
0.796116542,0.000000001,0.203883456,0.000000001,C_WestAsiaSaudi_wolf_B1.CanFam31.realigned.bam
0.815710811,1E-09,0.184289187,1E-09,C_WestAsiaSyrian_wolf.CanFam31.realigned.bam
0.807719573,1E-09,0.192280425,1E-09,C_WestAsiaLebanonwolf.CanFam31.bam
0.78092619,1E-09,0.219073808,1E-09,C_WestAsiaIran_SAMC036723.CanFam31.bam
0.694872051,1E-09,0.16898753,0.136140418,C_WestAsiaIran_SRR20326411.merge.CanFam31.bam
0.749541179,0.000000001,0.173149984,0.077308836,C_WestAsiaIran_SRR20326410.merge.CanFam31.bam
0.697790862,0.000000001,0.182473024,0.119736113,C_WestAsiaIran_SRR20326408.merge.CanFam31.bam
0.788087024,0.000000001,0.160849644,0.051063332,C_WestAsiaMW387.CanFam31.realigned.bam
0.999999997,1E-09,1E-09,1E-09,H_EuropePortugueseWolf.CanFam31.realigned.bam
0.999999997,1E-09,1E-09,1E-09,H_EuropeIberianWolf.CanFam31.realigned.bam
0.894344956,1E-09,1E-09,0.105655042,H_EuropewSierraMorena.CanFam31.realigned.bam
0.999999997,1E-09,1E-09,1E-09,H_EuropeItalianWolf_W050_SAMN02921313.CanFam31.realigned.bam
0.951658351,1E-09,1E-09,0.048341647,H_EuropeMW005.CanFam31.realigned.bam
0.915322397,1E-09,1E-09,0.084677601,H_EuropeMW347.CanFam31.realigned.bam
0.999999997,1E-09,1E-09,1E-09,H_EuropeMW020.CanFam31.realigned.bam
0.999999997,1E-09,1E-09,1E-09,H_EuropeMW045.CanFam31.realigned.bam
0.999999997,1E-09,1E-09,1E-09,H_EuropeMW062.CanFam31.realigned.bam
0.999999997,1E-09,1E-09,1E-09,H_EuropeMW515.CanFam31.realigned.bam
0.999999997,1E-09,1E-09,1E-09,H_EuropeMW707A.CanFam31.realigned.bam
0.999999997,1E-09,1E-09,1E-09,H_EuropeMW703A.CanFam31.realigned.bam
0.999999997,1E-09,1E-09,1E-09,H_EuropeMW706A.CanFam31.realigned.bam
0.999999997,1E-09,1E-09,1E-09,H_EuropeMW1126.CanFam31.realigned.bam
0.999999997,1E-09,1E-09,1E-09,H_EuropeMW1135.CanFam31.realigned.bam
0.999999997,1E-09,1E-09,1E-09,H_EuropeMW339.CanFam31.realigned.bam
0.999999997,1E-09,1E-09,1E-09,H_EuropeMW055.CanFam31.realigned.bam
0.905606963,1E-09,1E-09,0.094393035,H_EuropeWang_GW3.CanFam31.realigned.bam
0.250174557,0.005694795,0.048890095,0.695240553,F_CentralAsiaChinese_CAN24.CanFam31.realigned.bam
0.30926642,0.010876723,0.041104262,0.638752595,F_CentralAsiaChinese_CAN30.CanFam31.realigned.bam
0.321460901,0.000000001,0.042858392,0.635680706,F_CentralAsiaWang_GW1.CanFam31.realigned.bam
0.283903348,0.000976637,0.071845847,0.643274168,F_CentralAsiaKyrgyzstan_SRR20326406.merge.CanFam31.bam
0.242853293,0.000000001,0.050649753,0.706496953,F_CentralAsiaKazakhstan_SRR20326405.CanFam31.bam
0.493415858,0.009567668,0.325358156,0.171658318,F_CentralAsiaAW012.CanFam31.realigned.bam
0.207559751,1E-09,0.027959008,0.76448124,F_CentralAsiaRussia_SRR20326404.merge.CanFam31.bam
0.202611027,1E-09,0.017702381,0.779686592,F_CentralAsiaRussia_SRR20326403.merge.CanFam31.bam
0.006972857,1E-09,1E-09,0.993027141,F_CentralAsiaRussia_SRR20326401.CanFam31.bam
1E-09,1E-09,1E-09,0.999999997,F_CentralAsiaRussia_SRR20326400.merge.CanFam31.bam
0.625189159,0.000000001,0.079216275,0.295594564,F_CentralAsiaRussia_SRR20326388.merge.CanFam31.bam
0.172473051,0.077834727,0.143803508,0.605888714,F_CentralAsiaTajikistan_SRR20326385.merge.CanFam31.bam
0.229336993,0.040792454,0.145814512,0.584056041,F_CentralAsiaTajikistan_SRR20326384.CanFam31.bam
0.241809327,0.02716564,0.166105527,0.564919506,F_CentralAsiaTajikisan_SRR20326383.merge.CanFam31.bam
0.217113738,0.032776021,0.14488978,0.605220461,F_CentralAsiaTajikistan_SRR20326382.merge.CanFam31.bam
0.176268726,0.276916096,0.129906014,0.416909165,F_CentralAsiaTajikistan_SRR20326381.CanFam31.bam
0.195024146,0.03978434,0.146625506,0.618566008,F_CentralAsiaTajikistan_SRR20326251.merge.CanFam31.bam
0.148177561,0.293148223,0.118775892,0.439898325,F_CentralAsiaTajikistan_SRR20326250.merge.CanFam31.bam
0.601894794,1E-09,0.046490557,0.351614648,F_CentralAsia750114-25D.CanFam31.realigned.bam
0.61850718,1E-09,0.049957074,0.331535745,F_CentralAsia750119-30D.CanFam31.realigned.bam
0.815604616,1E-09,0.030111538,0.154283845,F_CentralAsia750125-33D.CanFam31.realigned.bam
0.567630301,0.000000001,0.061163858,0.37120584,F_CentralAsia750117-28D.CanFam31.realigned.bam
0.675700607,1E-09,0.011834283,0.312465109,F_CentralAsia750282-35D.CanFam31.realigned.bam
0.684893288,1E-09,0.024898773,0.290207939,F_CentralAsia750016-17D.CanFam31.realigned.bam
0.227094,0.001424333,0.058975805,0.712505862,F_CentralAsiaChina_SRR20326486.merge.CanFam31.bam
0.239685096,0.000000001,0.061276916,0.699037988,F_CentralAsiaChina_SRR20326485.merge.CanFam31.bam
0.253920325,0.000000001,0.054896692,0.691182981,F_CentralAsiaChina_SRR20326484.merge.CanFam31.bam
0.315439987,5.40109E-08,0.048504587,0.636055372,F_CentralAsiaChina_SRR20326483.merge.CanFam31.bam
0.819035986,1E-09,1E-09,0.180964012,F_CentralAsiaMW486.CanFam31.realigned.bam
1E-09,1E-09,1E-09,0.999999997,G_EastAsiaChina_SRR20326491.merge.CanFam31.bam
1E-09,0.015742511,1E-09,0.984257487,G_EastAsiaMW574.CanFam31.realigned.bam
1E-09,1E-09,1E-09,0.999999997,G_EastAsiaWang_GW4.CanFam31.realigned.bam
1E-09,1E-09,1E-09,0.999999997,G_EastAsiaInnerMongoliaWolf.CanFam31.realigned.bam
0.127520353,0.001262586,0.001653177,0.869563884,G_EastAsiaMW588.CanFam31.realigned.bam
0.187997254,0.004840076,0.026106379,0.781056291,G_EastAsiaMW561.CanFam31.realigned.bam
0.074877859,1E-09,1E-09,0.925122139,G_EastAsiaMW524.CanFam31.realigned.bam
0.126686563,1E-09,1E-09,0.873313435,G_EastAsia_MW538.CanFam31.realigned.bam
0.999999997,1E-09,1E-09,1E-09,H_Europe_MW336.CanFam31.realigned.bam
1E-09,0.026465017,1E-09,0.973534981,G_EastAsiaChinese_CAN7.CanFam31.realigned.bam
1E-09,0.005139425,1E-09,0.994860573,G_EastAsiaChinese_CAN6.CanFam31.realigned.bam
0.099760572,1E-09,1E-09,0.900239426,G_EastAsiaWang_GW2.CanFam31.realigned.bam
1E-09,0.028294621,1E-09,0.971705377,G_EastAsiaLiaoNingWolf.CanFam31.realigned.bam
1E-09,0.050038582,1E-09,0.949961416,G_EastAsiaShanxi2Wolf.CanFam31.realigned.bam
1E-09,0.053753554,1E-09,0.946246444,G_EastAsiaShanxi1Wolf.CanFam31.realigned.bam
1E-09,0.635996959,1E-09,0.364003039,E_TibetanChina_Sichuan_again_SRR20326479.CanFam31.bam