A1,A2,A3,Population
0.502513195,0.311489738,0.185997067,D_Pakistan_Karakoram_S19_10678.CanFam31.bam
0.551428306,0.363501758,0.085069936,D_Pakistan_Karakoram_S19_10679.CanFam31.bam
0.285677045,0.714322954,1E-09,D_Pakistan_DGKhan_S19_10680.CanFam31.bam
0.406670351,0.593329648,1E-09,D_Pakistan_S21_1037_Kolhu.CanFam31.bam
0.562655311,0.373926982,0.063417708,D_Pakistan_S21_1038_Chitral.CanFam31.bam
0.447876053,0.552123946,0.000000001,D_Pakistan_S21_1039_Punjab.CanFam31.bam
0.494000004,0.504924464,0.001075532,D_Pakistan_S21_1041_Waziristan.CanFam31.bam
0.559623047,0.395978643,0.04439831,D_Pakistan_S21_1042_Chitral.CanFam31.bam
0.77492667,0.105295965,0.119777365,F_CentralAsiaKyrgyz_WLF179.CanFam31.bam
0.783276773,0.105810211,0.110913017,F_CentralAsiaKyrgyz_WLF180.CanFam31.bam
1E-09,0.999999998,1E-09,B_IndianBH6_Indian_Wolf.CanFam31.realigned.bam
1E-09,0.999999998,1E-09,B_IndianBH126_Indian_Wolf.CanFam31.realigned.bam
1E-09,0.999999998,1E-09,B_IndianIndianwolf_SRR13985171.CanFam31.bam
1E-09,0.999999998,1E-09,B_IndianBH124_Indian_Wolf.CanFam31.realigned.bam
1E-09,0.999999998,1E-09,B_IndianIndianwolf_BH123.merge.CanFam31.bam
1E-09,1E-09,0.999999998,E_TibetanMYL_Tibetan_SAMN12565073.CanFam31.bam
0.23890312,0.30093957,0.46015731,E_TibetanBH1_Tibetan_Wolf.CanFam31.realigned.bam
0.071862204,0.241312376,0.686825419,E_TibetanBH4_Tibetan_Wolf.CanFam31.realigned.bam
1E-09,1E-09,0.999999998,E_TibetanChinese_CAN9A.CanFam31.realigned.bam
1E-09,1E-09,0.999999998,E_TibetanChinese_CAN11.CanFam31.realigned.bam
1E-09,1E-09,0.999999998,E_TibetanChinese_CAN16.CanFam31.realigned.bam
1E-09,1E-09,0.999999998,E_TibetanChinese_CAN32.CanFam31.realigned.bam
0.726824288,0.273175711,1E-09,C_WestAsiaIranwolf_SRR12009566.CanFam31.bam
0.775582838,0.224417161,1E-09,C_WestAsiaIranwolf_SRR12009567.CanFam31.bam
0.76669184,0.233308159,1E-09,C_WestAsiaIranwolf_SRR12009568.merge.CanFam31.bam
0.79242079,0.207579209,1E-09,C_WestAsiaS21_2743_SaudiArabia.CanFam31.bam
0.756340472,0.235216764,0.008442764,C_WestAsiaIranWolf.CanFam31.realigned.bam
0.759188951,0.240811048,1E-09,C_WestAsiaSaudi_wolf_B1.CanFam31.realigned.bam
0.777724471,0.222275528,1E-09,C_WestAsiaSyrian_wolf.CanFam31.realigned.bam
0.779209948,0.220790051,1E-09,C_WestAsiaLebanonwolf.CanFam31.bam
0.725914564,0.274085435,1E-09,C_WestAsiaIran_SAMC036723.CanFam31.bam
0.796505256,0.197107606,0.006387138,C_WestAsiaIran_SRR20326411.merge.CanFam31.bam
0.790781854,0.209218145,0.000000001,C_WestAsiaIran_SRR20326410.merge.CanFam31.bam
0.780795285,0.212619891,0.006584825,C_WestAsiaIran_SRR20326408.merge.CanFam31.bam
0.812926614,0.187073385,0.000000001,C_WestAsiaMW387.CanFam31.realigned.bam
0.999999998,1E-09,1E-09,H_EuropePortugueseWolf.CanFam31.realigned.bam
0.999999998,1E-09,1E-09,H_EuropeIberianWolf.CanFam31.realigned.bam
0.993083295,1.01484E-05,0.006906556,H_EuropewSierraMorena.CanFam31.realigned.bam
0.999999998,1E-09,1E-09,H_EuropeItalianWolf_W050_SAMN02921313.CanFam31.realigned.bam
0.999999998,1E-09,1E-09,H_EuropeMW005.CanFam31.realigned.bam
0.999999998,1E-09,1E-09,H_EuropeMW347.CanFam31.realigned.bam
0.999999998,1E-09,1E-09,H_EuropeMW020.CanFam31.realigned.bam
0.999999998,1E-09,1E-09,H_EuropeMW045.CanFam31.realigned.bam
0.999999998,1E-09,1E-09,H_EuropeMW062.CanFam31.realigned.bam
0.999999998,1E-09,1E-09,H_EuropeMW515.CanFam31.realigned.bam
0.999999998,1E-09,1E-09,H_EuropeMW707A.CanFam31.realigned.bam
0.999999998,1E-09,1E-09,H_EuropeMW703A.CanFam31.realigned.bam
0.999999998,1E-09,1E-09,H_EuropeMW706A.CanFam31.realigned.bam
0.999999998,1E-09,1E-09,H_EuropeMW1126.CanFam31.realigned.bam
0.999999998,1E-09,1E-09,H_EuropeMW1135.CanFam31.realigned.bam
0.999999998,1E-09,1E-09,H_EuropeMW339.CanFam31.realigned.bam
0.999999998,1E-09,1E-09,H_EuropeMW055.CanFam31.realigned.bam
0.999999998,1E-09,1E-09,H_EuropeWang_GW3.CanFam31.realigned.bam
0.801912923,0.049334863,0.148752214,F_CentralAsiaChinese_CAN24.CanFam31.realigned.bam
0.817849561,0.043250083,0.138900356,F_CentralAsiaChinese_CAN30.CanFam31.realigned.bam
0.834161973,0.04465577,0.121182257,F_CentralAsiaWang_GW1.CanFam31.realigned.bam
0.798534747,0.072684145,0.128781107,F_CentralAsiaKyrgyzstan_SRR20326406.merge.CanFam31.bam
0.80830056,0.051255477,0.140443963,F_CentralAsiaKazakhstan_SRR20326405.CanFam31.bam
0.624331627,0.340073584,0.035594789,F_CentralAsiaAW012.CanFam31.realigned.bam
0.818824197,0.029549167,0.151626636,F_CentralAsiaRussia_SRR20326404.merge.CanFam31.bam
0.826222131,0.021594003,0.152183866,F_CentralAsiaRussia_SRR20326403.merge.CanFam31.bam
0.845924191,1E-09,0.154075808,F_CentralAsiaRussia_SRR20326401.CanFam31.bam
0.802078139,1E-09,0.19792186,F_CentralAsiaRussia_SRR20326400.merge.CanFam31.bam
0.870026151,0.090439343,0.039534506,F_CentralAsiaRussia_SRR20326388.merge.CanFam31.bam
0.643870016,0.143164765,0.212965218,F_CentralAsiaTajikistan_SRR20326385.merge.CanFam31.bam
0.68959358,0.146185765,0.164220655,F_CentralAsiaTajikistan_SRR20326384.CanFam31.bam
0.688504331,0.167162829,0.144332841,F_CentralAsiaTajikisan_SRR20326383.merge.CanFam31.bam
0.696564244,0.145563491,0.157872266,F_CentralAsiaTajikistan_SRR20326382.merge.CanFam31.bam
0.47829569,0.132508323,0.389195987,F_CentralAsiaTajikistan_SRR20326381.CanFam31.bam
0.683222447,0.145722939,0.171054613,F_CentralAsiaTajikistan_SRR20326251.merge.CanFam31.bam
0.46603875,0.120560089,0.41340116,F_CentralAsiaTajikistan_SRR20326250.merge.CanFam31.bam
0.907933089,0.051747042,0.040319869,F_CentralAsia750114-25D.CanFam31.realigned.bam
0.907975684,0.055875134,0.036149182,F_CentralAsia750119-30D.CanFam31.realigned.bam
0.956119613,0.037115873,0.006764514,F_CentralAsia750125-33D.CanFam31.realigned.bam
0.879366496,0.066259464,0.05437404,F_CentralAsia750117-28D.CanFam31.realigned.bam
0.950458533,0.016981796,0.032559671,F_CentralAsia750282-35D.CanFam31.realigned.bam
0.942030139,0.029576102,0.028393759,F_CentralAsia750016-17D.CanFam31.realigned.bam
0.795403961,0.059612958,0.144983082,F_CentralAsiaChina_SRR20326486.merge.CanFam31.bam
0.803208836,0.061979027,0.134812137,F_CentralAsiaChina_SRR20326485.merge.CanFam31.bam
0.809775697,0.0564878,0.133736503,F_CentralAsiaChina_SRR20326484.merge.CanFam31.bam
0.824810321,0.050952276,0.124237404,F_CentralAsiaChina_SRR20326483.merge.CanFam31.bam
0.999999998,0.000000001,0.000000001,F_CentralAsiaMW486.CanFam31.realigned.bam
0.745688444,1E-09,0.254311555,G_EastAsiaChina_SRR20326491.merge.CanFam31.bam
0.768778138,0.000000001,0.231221861,G_EastAsiaMW574.CanFam31.realigned.bam
0.746675968,1E-09,0.253324031,G_EastAsiaWang_GW4.CanFam31.realigned.bam
0.753309843,1E-09,0.246690156,G_EastAsiaInnerMongoliaWolf.CanFam31.realigned.bam
0.798444069,0.010461892,0.191094039,G_EastAsiaMW588.CanFam31.realigned.bam
0.800285532,0.0280086,0.171705868,G_EastAsiaMW561.CanFam31.realigned.bam
0.826468774,1E-09,0.173531225,G_EastAsiaMW524.CanFam31.realigned.bam
0.856144337,1E-09,0.143855662,G_EastAsia_MW538.CanFam31.realigned.bam
0.999999998,1E-09,1E-09,H_Europe_MW336.CanFam31.realigned.bam
0.733829216,1E-09,0.266170783,G_EastAsiaChinese_CAN7.CanFam31.realigned.bam
0.742529952,1E-09,0.257470047,G_EastAsiaChinese_CAN6.CanFam31.realigned.bam
0.858226765,1E-09,0.141773234,G_EastAsiaWang_GW2.CanFam31.realigned.bam
0.738746335,1E-09,0.261253664,G_EastAsiaLiaoNingWolf.CanFam31.realigned.bam
0.667573642,1E-09,0.332426357,G_EastAsiaShanxi2Wolf.CanFam31.realigned.bam
0.666183061,1E-09,0.333816938,G_EastAsiaShanxi1Wolf.CanFam31.realigned.bam
0.209805526,1E-09,0.790194473,E_TibetanChina_Sichuan_again_SRR20326479.CanFam31.bam